********************************************************************************
STREME - Sensitive, Thorough, Rapid, Enriched Motif Elicitation
********************************************************************************
MEME version 5.5.7 (Release date: Wed Jun 19 13:59:04 2024 -0700)

For further information on how to interpret these results please access https://meme-suite.org/meme.
To get a copy of the MEME Suite software please access https://meme-suite.org.

********************************************************************************


********************************************************************************
REFERENCE
********************************************************************************
If you use this program in your research, please cite:

Timothy L. Bailey,
"STREME: accurate and versatile sequence motif discovery",
Bioinformatics, Mar. 24, 2021.
********************************************************************************


ALPHABET= ACGT

strands: + -

Background letter frequencies
A 0.403 C 0.097 G 0.097 T 0.403 

MOTIF 1-ATATAYATRTATAT STREME-1
letter-probability matrix: alength= 4 w= 14 nsites= 41 E= 4.1e-002
 0.705801 0.000508 0.291578 0.002113
 0.002113 0.000508 0.000508 0.996871
 0.960533 0.000508 0.000508 0.038450
 0.002113 0.153832 0.055014 0.789041
 0.978702 0.018677 0.000508 0.002113
 0.002113 0.461178 0.109892 0.426817
 0.978702 0.018677 0.000508 0.002113
 0.002113 0.000508 0.018677 0.978702
 0.426817 0.109892 0.461178 0.002113
 0.002113 0.000508 0.018677 0.978702
 0.789041 0.055014 0.153832 0.002113
 0.038450 0.000508 0.000508 0.960533
 0.996871 0.000508 0.000508 0.002113
 0.002113 0.291578 0.000508 0.705801

MOTIF 2-AAAAAAAAAAAATAG STREME-2
letter-probability matrix: alength= 4 w= 15 nsites= 123 E= 1.4e-001
 0.941520 0.000161 0.023157 0.035162
 0.941520 0.000161 0.057650 0.000669
 0.814562 0.034654 0.011659 0.139125
 0.964457 0.000161 0.000161 0.035221
 0.890718 0.000161 0.000161 0.108961
 0.999010 0.000161 0.000161 0.000669
 0.953018 0.023157 0.023157 0.000669
 0.682805 0.000161 0.126696 0.190337
 0.904483 0.011659 0.000161 0.083697
 0.804794 0.034713 0.046152 0.114340
 0.854196 0.000161 0.000161 0.145482
 0.849391 0.103730 0.034713 0.012166
 0.132859 0.034654 0.161190 0.671296
 0.911363 0.000161 0.074897 0.013579
 0.189268 0.037139 0.725327 0.048266

MOTIF 3-TATATGCATAC STREME-3
letter-probability matrix: alength= 4 w= 11 nsites= 92 E= 1.6e-001
 0.000930 0.032205 0.000224 0.966641
 0.870450 0.000224 0.048237 0.081089
 0.057144 0.080383 0.000224 0.862250
 0.822437 0.000224 0.160419 0.016921
 0.048984 0.000224 0.000224 0.950568
 0.110586 0.000224 0.870306 0.018885
 0.000930 0.987111 0.000224 0.011736
 0.902637 0.032205 0.064228 0.000930
 0.000930 0.112241 0.032205 0.854624
 0.799836 0.038815 0.080178 0.081171
 0.096358 0.838443 0.064269 0.000930

MOTIF 4-GAAAWAATAA STREME-4
letter-probability matrix: alength= 4 w= 10 nsites= 112 E= 1.7e-001
 0.001008 0.000242 0.997742 0.001008
 0.907370 0.000242 0.091379 0.001008
 0.951667 0.017948 0.000242 0.030143
 0.752607 0.000242 0.000242 0.246908
 0.604312 0.006949 0.000242 0.388496
 0.929309 0.000242 0.069440 0.001008
 0.834641 0.065321 0.018641 0.081396
 0.001008 0.000242 0.000242 0.998507
 0.904745 0.019776 0.074472 0.001008
 0.969070 0.000242 0.029679 0.001008

MOTIF 5-AAAAAGTAAAAWAA STREME-5
letter-probability matrix: alength= 4 w= 14 nsites= 94 E= 2.3e-001
 0.987584 0.011592 0.000160 0.000665
 0.953288 0.023024 0.011592 0.012097
 0.828499 0.057319 0.023024 0.091158
 0.895953 0.000160 0.000160 0.103728
 0.877490 0.011592 0.080476 0.030442
 0.000665 0.000160 0.998511 0.000665
 0.124509 0.000160 0.160883 0.714447
 0.769997 0.000160 0.171990 0.057853
 0.873177 0.000160 0.125998 0.000665
 0.953288 0.045887 0.000160 0.000665
 0.833195 0.091615 0.000160 0.075030
 0.508567 0.091615 0.057319 0.342499
 0.912353 0.000160 0.034456 0.053031
 0.879854 0.000160 0.000160 0.119826

MOTIF 6-AAAAAACAAAAAAK STREME-6
letter-probability matrix: alength= 4 w= 14 nsites= 56 E= 2.3e-001
 0.982092 0.016719 0.000231 0.000959
 0.949116 0.049695 0.000231 0.000959
 0.932628 0.000231 0.066183 0.000959
 0.825288 0.016719 0.049779 0.108215
 0.965604 0.016719 0.016719 0.000959
 0.866676 0.049695 0.082671 0.000959
 0.000959 0.915412 0.033207 0.050423
 0.833700 0.000231 0.082671 0.083399
 0.707747 0.100660 0.099243 0.092350
 0.850188 0.000231 0.066183 0.083399
 0.898150 0.016719 0.000231 0.084900
 0.892753 0.056594 0.049695 0.000959
 0.770438 0.016719 0.155606 0.057238
 0.184323 0.066267 0.452390 0.297021

MOTIF 7-AATKGAAAWAAAAHA STREME-7
letter-probability matrix: alength= 4 w= 15 nsites= 60 E= 2.7e-001
 0.744632 0.000254 0.254061 0.001054
 0.762754 0.000254 0.217816 0.019176
 0.327258 0.000254 0.000254 0.672235
 0.001054 0.163448 0.380918 0.454580
 0.001054 0.000254 0.943272 0.055421
 0.980317 0.000254 0.018376 0.001054
 0.889612 0.000254 0.109081 0.001054
 0.998439 0.000254 0.000254 0.001054
 0.454765 0.000254 0.108988 0.435993
 0.835244 0.018376 0.054621 0.091759
 0.962194 0.036498 0.000254 0.001054
 0.998439 0.000254 0.000254 0.001054
 0.653927 0.054621 0.000254 0.291199
 0.291385 0.254061 0.000254 0.454301
 0.889704 0.018376 0.072743 0.019176

MOTIF 8-AAAAATAATAATAA STREME-8
letter-probability matrix: alength= 4 w= 14 nsites= 71 E= 5.2e-001
 0.952266 0.000293 0.000293 0.047147
 0.968453 0.000293 0.000293 0.030960
 0.764979 0.084647 0.000293 0.150080
 0.892711 0.000293 0.021260 0.085735
 0.956206 0.000293 0.000293 0.043207
 0.021356 0.000293 0.000293 0.978057
 0.935186 0.021260 0.000293 0.043261
 0.941913 0.021260 0.000293 0.036533
 0.099360 0.021260 0.000293 0.879087
 0.914110 0.021260 0.042443 0.022186
 0.940785 0.000293 0.004287 0.054635
 0.022240 0.021314 0.000293 0.956153
 0.943600 0.042228 0.000293 0.013879
 0.972629 0.000293 0.021260 0.005817

MOTIF 9-ACATACATATATA STREME-9
letter-probability matrix: alength= 4 w= 13 nsites= 43 E= 6.5e-001
 0.777261 0.000341 0.220981 0.001417
 0.001417 0.996826 0.000341 0.001417
 0.973539 0.000341 0.000341 0.025779
 0.001417 0.246872 0.000341 0.751371
 0.900015 0.000341 0.098228 0.001417
 0.001417 0.996826 0.000341 0.001417
 0.949177 0.024703 0.000341 0.025779
 0.001417 0.024766 0.000341 0.973477
 0.997902 0.000341 0.000341 0.001417
 0.001417 0.122779 0.024703 0.851101
 0.963469 0.024703 0.000341 0.011487
 0.001417 0.000341 0.000341 0.997902
 0.900327 0.049066 0.000341 0.050266

MOTIF 10-ATATATATATATATA STREME-10
letter-probability matrix: alength= 4 w= 15 nsites= 39 E= 6.5e-001
 0.945731 0.008815 0.008815 0.036640
 0.036640 0.008815 0.008815 0.945731
 0.945731 0.008815 0.008815 0.036640
 0.036640 0.008815 0.008815 0.945731
 0.945731 0.008815 0.008815 0.036640
 0.036640 0.008815 0.008815 0.945731
 0.945731 0.008815 0.008815 0.036640
 0.036640 0.008815 0.008815 0.945731
 0.945731 0.008815 0.008815 0.036640
 0.036640 0.008815 0.008815 0.945731
 0.945731 0.008815 0.008815 0.036640
 0.036640 0.008815 0.008815 0.945731
 0.945731 0.008815 0.008815 0.036640
 0.036640 0.008815 0.008815 0.945731
 0.945731 0.008815 0.008815 0.036640

MOTIF 11-AACAAAATAAG STREME-11
letter-probability matrix: alength= 4 w= 11 nsites= 83 E= 2.8e+000
 0.903227 0.030013 0.015111 0.051650
 0.899573 0.059893 0.000208 0.040325
 0.003577 0.860066 0.044915 0.091442
 0.871163 0.045261 0.015111 0.068465
 0.947812 0.021270 0.000208 0.030709
 0.968874 0.000208 0.000208 0.030709
 0.821990 0.059893 0.021270 0.096847
 0.060425 0.000208 0.074872 0.864495
 0.756926 0.080879 0.044991 0.117204
 0.838183 0.015111 0.053281 0.093425
 0.165948 0.052366 0.647547 0.134138

MOTIF 12-AAMGGGAA STREME-12
letter-probability matrix: alength= 4 w= 8 nsites= 70 E= 1.3e+001
 0.971861 0.000362 0.000362 0.027414
 0.930310 0.026270 0.011071 0.032349
 0.324294 0.561259 0.000362 0.114084
 0.105265 0.000362 0.892866 0.001506
 0.001506 0.052311 0.944677 0.001506
 0.001506 0.026270 0.970717 0.001506
 0.893871 0.000362 0.000362 0.105404
 0.738425 0.129902 0.052311 0.079363

MOTIF 13-ATATAATATGCACAT STREME-13
letter-probability matrix: alength= 4 w= 15 nsites= 27 E= 1.3e+001
 0.897682 0.033618 0.033618 0.035082
 0.001928 0.000464 0.033618 0.963991
 0.864528 0.066772 0.000464 0.068236
 0.201022 0.000464 0.000464 0.798050
 0.930752 0.000464 0.000464 0.068321
 0.930667 0.066941 0.000464 0.001928
 0.068236 0.000464 0.000464 0.930836
 0.930836 0.033618 0.033618 0.001928
 0.134544 0.000464 0.000464 0.864528
 0.035082 0.000464 0.863064 0.101390
 0.167868 0.829741 0.000464 0.001928
 0.864359 0.000464 0.033618 0.101560
 0.134544 0.564592 0.033618 0.267246
 0.997145 0.000464 0.000464 0.001928
 0.068236 0.033618 0.033618 0.864528

********************************************************************************
Stopped because 3 consecutive motifs exceeded the p-value threshold (0.05).
********************************************************************************
COMMAND:	streme --verbosity 1 --oc streme_out/Cluster1.Sub2 --dna --totallength 4000000 --time 14400 --minw 8 --maxw 15 --thresh 0.05 --align center --p UTR_1000/Cluster1.Sub2.fasta ‑‑with‑db=/mnt/sdb3/adaobi/motifDB/motif_databases
********************************************************************************
CPU:		Nitro-AN515-51
********************************************************************************
FINALTIME:	31.38 seconds
********************************************************************************
