********************************************************************************
STREME - Sensitive, Thorough, Rapid, Enriched Motif Elicitation
********************************************************************************
MEME version 5.5.7 (Release date: Wed Jun 19 13:59:04 2024 -0700)

For further information on how to interpret these results please access https://meme-suite.org/meme.
To get a copy of the MEME Suite software please access https://meme-suite.org.

********************************************************************************


********************************************************************************
REFERENCE
********************************************************************************
If you use this program in your research, please cite:

Timothy L. Bailey,
"STREME: accurate and versatile sequence motif discovery",
Bioinformatics, Mar. 24, 2021.
********************************************************************************


ALPHABET= ACGT

strands: + -

Background letter frequencies
A 0.402 C 0.098 G 0.098 T 0.402 

MOTIF 1-ATATATATATATATAT STREME-1
letter-probability matrix: alength= 4 w= 16 nsites= 135 E= 8.2e-003
 0.917906 0.025806 0.055694 0.000594
 0.000594 0.000145 0.010389 0.988872
 0.983727 0.015534 0.000145 0.000594
 0.017985 0.080265 0.000145 0.901605
 0.926191 0.025778 0.000145 0.047886
 0.018847 0.000145 0.010389 0.970619
 0.983595 0.000145 0.000145 0.016115
 0.000594 0.156792 0.000145 0.842469
 0.842469 0.000145 0.156792 0.000594
 0.016115 0.000145 0.000145 0.983595
 0.970619 0.010389 0.000145 0.018847
 0.047886 0.000145 0.025778 0.926191
 0.901605 0.000145 0.080265 0.017985
 0.000594 0.000145 0.015534 0.983727
 0.988872 0.010389 0.000145 0.000594
 0.000594 0.055694 0.025806 0.917906

MOTIF 2-ATATATGCATGY STREME-2
letter-probability matrix: alength= 4 w= 12 nsites= 175 E= 8.4e-002
 0.952912 0.016964 0.029636 0.000489
 0.000489 0.017979 0.000119 0.981413
 0.817641 0.050673 0.068702 0.062983
 0.020823 0.000119 0.000119 0.978939
 0.969277 0.000119 0.021692 0.008911
 0.000489 0.000119 0.000119 0.999273
 0.066355 0.009557 0.923600 0.000489
 0.002103 0.846380 0.000119 0.151398
 0.944528 0.000119 0.032285 0.023067
 0.044399 0.023844 0.000119 0.931637
 0.323805 0.000119 0.658742 0.017334
 0.042714 0.427037 0.008542 0.521707

MOTIF 3-TATVTATABATA STREME-3
letter-probability matrix: alength= 4 w= 12 nsites= 86 E= 8.8e-002
 0.001456 0.000355 0.000355 0.997834
 0.985278 0.012910 0.000355 0.001456
 0.165479 0.000355 0.117657 0.716509
 0.268089 0.250645 0.479810 0.001456
 0.001456 0.000355 0.038021 0.960168
 0.997834 0.000355 0.000355 0.001456
 0.001456 0.000355 0.000355 0.997834
 0.960168 0.038021 0.000355 0.001456
 0.001456 0.479810 0.250645 0.268089
 0.716509 0.117657 0.000355 0.165479
 0.001456 0.000355 0.012910 0.985278
 0.997834 0.000355 0.000355 0.001456

MOTIF 4-AAAAAAAAAAAAAAA STREME-4
letter-probability matrix: alength= 4 w= 15 nsites= 205 E= 1.0e-001
 0.999386 0.000101 0.000101 0.000413
 0.988947 0.000101 0.010540 0.000413
 0.924488 0.036773 0.008992 0.029747
 0.978023 0.000101 0.014351 0.007526
 0.983211 0.007810 0.000101 0.008878
 0.802716 0.040423 0.047182 0.109679
 0.793924 0.023532 0.023406 0.159138
 0.804330 0.024317 0.170051 0.001302
 0.960937 0.012443 0.025012 0.001607
 0.831276 0.042365 0.105111 0.021248
 0.685184 0.061345 0.116052 0.137419
 0.892871 0.065320 0.022835 0.018974
 0.924508 0.002340 0.065627 0.007526
 0.946080 0.000101 0.053407 0.000413
 0.986963 0.008585 0.004039 0.000413

MOTIF 5-AAAAAAAYGAAAA STREME-5
letter-probability matrix: alength= 4 w= 13 nsites= 151 E= 2.2e-001
 0.965060 0.000097 0.034444 0.000398
 0.941586 0.002942 0.027578 0.027894
 0.969285 0.030220 0.000097 0.000398
 0.927838 0.013830 0.041341 0.016991
 0.930219 0.002942 0.000097 0.066742
 0.999408 0.000097 0.000097 0.000398
 0.726689 0.000097 0.133548 0.139665
 0.014161 0.570562 0.085415 0.329862
 0.000398 0.013830 0.985374 0.000398
 0.915415 0.055066 0.022254 0.007265
 0.716497 0.089436 0.118107 0.075959
 0.617946 0.130619 0.154124 0.097310
 0.904409 0.027563 0.009808 0.058220

MOTIF 6-AAAAAAATTAATAAA STREME-6
letter-probability matrix: alength= 4 w= 15 nsites= 213 E= 2.7e-001
 0.999470 0.000087 0.000087 0.000356
 0.953923 0.039494 0.006227 0.000356
 0.950306 0.030830 0.012368 0.006497
 0.805302 0.079960 0.006227 0.108511
 0.918921 0.000087 0.000087 0.080906
 0.987189 0.000087 0.012368 0.000356
 0.971625 0.027932 0.000087 0.000356
 0.287373 0.000087 0.059395 0.653145
 0.150178 0.000087 0.067666 0.782069
 0.922030 0.000087 0.077527 0.000356
 0.978505 0.012368 0.008771 0.000356
 0.000356 0.030843 0.051754 0.917046
 0.953930 0.006227 0.000087 0.039756
 0.798972 0.030803 0.052281 0.117945
 0.698039 0.024649 0.036936 0.240377

MOTIF 7-ATGAATAAAT STREME-7
letter-probability matrix: alength= 4 w= 10 nsites= 165 E= 3.0e-001
 0.918743 0.022643 0.014814 0.043800
 0.033120 0.080209 0.001504 0.885167
 0.001295 0.013412 0.925781 0.059512
 0.962925 0.000316 0.020262 0.016497
 0.956022 0.022643 0.003295 0.018040
 0.001295 0.053447 0.031638 0.913620
 0.983742 0.000316 0.006392 0.009550
 0.926459 0.032933 0.004596 0.036012
 0.866411 0.022643 0.045069 0.065877
 0.107331 0.025333 0.029881 0.837455

MOTIF 8-AAWAATAAWAATAAA STREME-8
letter-probability matrix: alength= 4 w= 15 nsites= 205 E= 3.5e-001
 0.902343 0.033065 0.020191 0.044401
 0.863280 0.000071 0.136358 0.000292
 0.573740 0.037360 0.005100 0.383800
 0.826254 0.000071 0.055385 0.118290
 0.926619 0.000071 0.073018 0.000292
 0.000292 0.000071 0.000071 0.999566
 0.687054 0.080550 0.002783 0.229613
 0.939207 0.000071 0.060430 0.000292
 0.523685 0.032757 0.025214 0.418345
 0.823551 0.050362 0.125795 0.000292
 0.650151 0.045333 0.130835 0.173681
 0.000292 0.000071 0.000071 0.999566
 0.923594 0.000071 0.000071 0.076264
 0.999566 0.000071 0.000071 0.000292
 0.595249 0.140953 0.062508 0.201290

MOTIF 9-AAATAAATA STREME-9
letter-probability matrix: alength= 4 w= 9 nsites= 241 E= 3.5e-001
 0.945639 0.008907 0.008907 0.036548
 0.945639 0.008907 0.008907 0.036548
 0.945639 0.008907 0.008907 0.036548
 0.036548 0.008907 0.008907 0.945639
 0.945639 0.008907 0.008907 0.036548
 0.945639 0.008907 0.008907 0.036548
 0.945639 0.008907 0.008907 0.036548
 0.036548 0.008907 0.008907 0.945639
 0.945639 0.008907 0.008907 0.036548

MOTIF 10-AAATAAATGAA STREME-10
letter-probability matrix: alength= 4 w= 11 nsites= 107 E= 4.1e-001
 0.998239 0.000288 0.000288 0.001184
 0.998239 0.000288 0.000288 0.001184
 0.823901 0.029154 0.020698 0.126247
 0.001184 0.099576 0.049729 0.849511
 0.908377 0.020698 0.020301 0.050625
 0.977830 0.000288 0.020698 0.001184
 0.900969 0.020698 0.049729 0.028604
 0.001184 0.010228 0.000288 0.988299
 0.001184 0.125004 0.872629 0.001184
 0.916330 0.000288 0.082198 0.001184
 0.902708 0.000288 0.055001 0.042003

MOTIF 11-ARCTAGCTA STREME-11
letter-probability matrix: alength= 4 w= 9 nsites= 67 E= 6.5e+000
 0.687495 0.000239 0.278687 0.033579
 0.600886 0.051117 0.313096 0.034901
 0.000983 0.705718 0.000239 0.293060
 0.000983 0.017199 0.000239 0.981579
 0.964658 0.017180 0.017180 0.000983
 0.000983 0.000239 0.963840 0.034938
 0.000983 0.963877 0.000239 0.034901
 0.034901 0.153079 0.017180 0.794840
 0.828720 0.034120 0.034120 0.103039

MOTIF 12-ACACACACATRTA STREME-12
letter-probability matrix: alength= 4 w= 13 nsites= 65 E= 6.5e+000
 0.725908 0.017925 0.247819 0.008348
 0.001025 0.803117 0.000250 0.195608
 0.945450 0.000250 0.053275 0.001025
 0.018700 0.980025 0.000250 0.001025
 0.945450 0.000250 0.053275 0.001025
 0.001025 0.926999 0.000250 0.071726
 0.980800 0.000250 0.017925 0.001025
 0.114399 0.598744 0.000250 0.286608
 0.902777 0.000250 0.035600 0.061373
 0.054090 0.000250 0.000250 0.945411
 0.372289 0.000250 0.538061 0.089401
 0.054050 0.088645 0.017925 0.839380
 0.814362 0.113623 0.000250 0.071765

MOTIF 13-AAATAAAAWAAAATA STREME-13
letter-probability matrix: alength= 4 w= 15 nsites= 83 E= 1.1e+001
 0.998923 0.000176 0.000176 0.000724
 0.986438 0.000176 0.012661 0.000724
 0.821705 0.137534 0.000176 0.040585
 0.000724 0.000176 0.000176 0.998923
 0.699156 0.000176 0.087596 0.213072
 0.986425 0.000176 0.012675 0.000724
 0.961456 0.000176 0.037644 0.000724
 0.830188 0.006419 0.025146 0.138248
 0.467708 0.150129 0.075084 0.307079
 0.923988 0.075111 0.000176 0.000724
 0.865699 0.000176 0.100080 0.034044
 0.905261 0.000176 0.093838 0.000724
 0.667834 0.000176 0.137534 0.194456
 0.000724 0.000176 0.037630 0.961469
 0.948957 0.050142 0.000176 0.000724

********************************************************************************
Stopped because 3 consecutive motifs exceeded the p-value threshold (0.05).
********************************************************************************
COMMAND:	streme --verbosity 1 --oc streme_out/Cluster3.Sub3 --dna --totallength 4000000 --time 14400 --minw 8 --maxw 15 --thresh 0.05 --align center --p UTR_1000/Cluster3.Sub3.fasta ‑‑with‑db=/mnt/sdb3/adaobi/motifDB/motif_databases
********************************************************************************
CPU:		Nitro-AN515-51
********************************************************************************
FINALTIME:	69.76 seconds
********************************************************************************
