********************************************************************************
STREME - Sensitive, Thorough, Rapid, Enriched Motif Elicitation
********************************************************************************
MEME version 5.5.7 (Release date: Wed Jun 19 13:59:04 2024 -0700)

For further information on how to interpret these results please access https://meme-suite.org/meme.
To get a copy of the MEME Suite software please access https://meme-suite.org.

********************************************************************************


********************************************************************************
REFERENCE
********************************************************************************
If you use this program in your research, please cite:

Timothy L. Bailey,
"STREME: accurate and versatile sequence motif discovery",
Bioinformatics, Mar. 24, 2021.
********************************************************************************


ALPHABET= ACGT

strands: + -

Background letter frequencies
A 0.401 C 0.0988 G 0.0988 T 0.401 

MOTIF 1-AAAAAAAAAAAAAA STREME-1
letter-probability matrix: alength= 4 w= 14 nsites= 192 E= 7.0e-003
 0.999203 0.000131 0.000131 0.000534
 0.888414 0.000131 0.110921 0.000534
 0.704707 0.139752 0.000131 0.155409
 0.624524 0.068516 0.110920 0.196039
 0.920351 0.000131 0.078983 0.000534
 0.999203 0.000131 0.000131 0.000534
 0.783793 0.215541 0.000131 0.000534
 0.600929 0.119544 0.083197 0.196330
 0.999203 0.000131 0.000131 0.000534
 0.799191 0.000131 0.200144 0.000534
 0.643970 0.158132 0.000131 0.197766
 0.765048 0.000131 0.000131 0.234689
 0.989980 0.000131 0.009355 0.000534
 0.999203 0.000131 0.000131 0.000534

MOTIF 2-AAATAAWAAAAAWAA STREME-2
letter-probability matrix: alength= 4 w= 15 nsites= 161 E= 2.4e-002
 0.985355 0.000100 0.014139 0.000406
 0.992381 0.000100 0.007113 0.000406
 0.999394 0.000100 0.000100 0.000406
 0.000406 0.000100 0.080988 0.918506
 0.961011 0.000100 0.000100 0.038789
 0.918720 0.007113 0.073761 0.000406
 0.560485 0.007113 0.021138 0.411264
 0.683288 0.010015 0.000100 0.306597
 0.866262 0.000100 0.129299 0.004339
 0.667800 0.045079 0.000100 0.287022
 0.858964 0.042217 0.077294 0.021525
 0.780063 0.132188 0.045079 0.042671
 0.420908 0.035164 0.140436 0.403492
 0.916765 0.000100 0.082729 0.000406
 0.954402 0.017027 0.028165 0.000406

MOTIF 3-AGGAAAAAAAAAA STREME-3
letter-probability matrix: alength= 4 w= 13 nsites= 159 E= 5.4e-002
 0.901385 0.025456 0.032576 0.040583
 0.059479 0.013440 0.844624 0.082457
 0.042800 0.003088 0.909719 0.044393
 0.863823 0.020415 0.056899 0.058863
 0.910919 0.024438 0.024453 0.040190
 0.861894 0.019142 0.037634 0.081330
 0.845906 0.032546 0.016331 0.105218
 0.909963 0.024469 0.040761 0.024807
 0.932387 0.008223 0.014489 0.044901
 0.841318 0.024469 0.052162 0.082052
 0.850686 0.018986 0.048776 0.081552
 0.822582 0.024438 0.016361 0.136618
 0.873200 0.008223 0.016331 0.102247

MOTIF 4-ASTTGGCTW STREME-4
letter-probability matrix: alength= 4 w= 9 nsites= 95 E= 1.6e-001
 0.830832 0.128222 0.000167 0.040779
 0.162882 0.292822 0.543617 0.000679
 0.299409 0.000167 0.000167 0.700256
 0.000679 0.094078 0.011901 0.893342
 0.005534 0.000167 0.931660 0.062639
 0.172193 0.000167 0.744784 0.082857
 0.040823 0.782391 0.052045 0.124741
 0.082946 0.000167 0.082345 0.834542
 0.357575 0.082345 0.110912 0.449169

MOTIF 5-AAATAGCTAMA STREME-5
letter-probability matrix: alength= 4 w= 11 nsites= 78 E= 2.2e-001
 0.789656 0.000213 0.164482 0.045649
 0.731801 0.000213 0.155731 0.112255
 0.627667 0.170688 0.104825 0.096821
 0.000864 0.000213 0.000213 0.998710
 0.732446 0.000213 0.164596 0.102745
 0.000864 0.000213 0.998059 0.000864
 0.000864 0.998059 0.000213 0.000864
 0.000864 0.149554 0.000213 0.849369
 0.894211 0.000213 0.044998 0.060578
 0.437868 0.284625 0.200743 0.076764
 0.798350 0.155787 0.044998 0.000864

MOTIF 6-ATATATATATATATAT STREME-6
letter-probability matrix: alength= 4 w= 16 nsites= 143 E= 2.9e-001
 0.986319 0.000123 0.004435 0.009123
 0.000499 0.042887 0.000123 0.956491
 0.894318 0.000123 0.080883 0.024676
 0.015620 0.214748 0.000123 0.769509
 0.811926 0.030323 0.157252 0.000499
 0.024153 0.000123 0.000123 0.975601
 0.794484 0.008747 0.196270 0.000499
 0.000499 0.206454 0.000123 0.792923
 0.792923 0.000123 0.206454 0.000499
 0.000499 0.196270 0.008747 0.794484
 0.975601 0.000123 0.000123 0.024153
 0.000499 0.157252 0.030323 0.811926
 0.769509 0.000123 0.214748 0.015620
 0.024676 0.080883 0.000123 0.894318
 0.956491 0.000123 0.042887 0.000499
 0.009123 0.004435 0.000123 0.986319

MOTIF 7-AAATTAAAAAAAAAW STREME-7
letter-probability matrix: alength= 4 w= 15 nsites= 103 E= 3.3e-001
 0.949629 0.000183 0.005498 0.044690
 0.953439 0.000183 0.045634 0.000743
 0.992468 0.000183 0.006605 0.000743
 0.000743 0.000183 0.000183 0.998890
 0.000743 0.000183 0.000183 0.998890
 0.921725 0.000183 0.077349 0.000743
 0.998890 0.000183 0.000183 0.000743
 0.797246 0.066860 0.090145 0.045749
 0.800759 0.000183 0.090145 0.108913
 0.883141 0.115932 0.000183 0.000743
 0.773831 0.025873 0.000183 0.200114
 0.826545 0.000183 0.108256 0.065016
 0.764329 0.115834 0.000183 0.119654
 0.814812 0.005498 0.077251 0.102438
 0.622065 0.000183 0.013028 0.364724

MOTIF 8-AATAATAATAAT STREME-8
letter-probability matrix: alength= 4 w= 12 nsites= 58 E= 2.0e+000
 0.926326 0.000340 0.071953 0.001381
 0.739122 0.000340 0.201241 0.059298
 0.001381 0.000340 0.048143 0.950137
 0.997939 0.000340 0.000340 0.001381
 0.974083 0.024196 0.000340 0.001381
 0.001381 0.000340 0.000340 0.997939
 0.912991 0.071908 0.013720 0.001381
 0.814481 0.088284 0.048052 0.049183
 0.001381 0.000340 0.095764 0.902515
 0.782049 0.024196 0.072317 0.121437
 0.830766 0.119711 0.048143 0.001381
 0.001381 0.000340 0.024196 0.974083

MOTIF 9-AAAAAATATATATAY STREME-9
letter-probability matrix: alength= 4 w= 15 nsites= 87 E= 3.5e+000
 0.982400 0.000231 0.016432 0.000938
 0.949968 0.048864 0.000231 0.000938
 0.644352 0.071737 0.000231 0.283680
 0.982400 0.016432 0.000231 0.000938
 0.998600 0.000231 0.000231 0.000938
 0.998600 0.000231 0.000231 0.000938
 0.000938 0.000231 0.000231 0.998600
 0.982400 0.000231 0.000231 0.017138
 0.000938 0.000231 0.055536 0.943295
 0.837336 0.039336 0.000231 0.123097
 0.000938 0.000231 0.000231 0.998600
 0.820331 0.032632 0.146099 0.000938
 0.119662 0.252180 0.000231 0.627926
 0.770648 0.000231 0.000231 0.228890
 0.000938 0.406097 0.000231 0.592734

MOTIF 10-AAATTGTGATT STREME-10
letter-probability matrix: alength= 4 w= 11 nsites= 67 E= 8.8e+000
 0.830580 0.016353 0.016353 0.136713
 0.943566 0.016353 0.039148 0.000933
 0.872340 0.048600 0.055332 0.023728
 0.000933 0.039209 0.032476 0.927381
 0.000933 0.000230 0.266632 0.732205
 0.000933 0.000230 0.997904 0.000933
 0.097795 0.032476 0.016353 0.853375
 0.081919 0.081030 0.836118 0.000933
 0.998607 0.000230 0.000230 0.000933
 0.203387 0.016353 0.129461 0.650799
 0.235757 0.016353 0.064784 0.683106

********************************************************************************
Stopped because 3 consecutive motifs exceeded the p-value threshold (0.05).
********************************************************************************
COMMAND:	streme --verbosity 1 --oc streme_out/Cluster1.Sub1 --dna --totallength 4000000 --time 14400 --minw 8 --maxw 15 --thresh 0.05 --align center --p UTR_1000/Cluster1.Sub1.fasta ‑‑with‑db=/mnt/sdb3/adaobi/motifDB/motif_databases
********************************************************************************
CPU:		Nitro-AN515-51
********************************************************************************
FINALTIME:	31.96 seconds
********************************************************************************
