********************************************************************************
STREME - Sensitive, Thorough, Rapid, Enriched Motif Elicitation
********************************************************************************
MEME version 5.5.7 (Release date: Wed Jun 19 13:59:04 2024 -0700)

For further information on how to interpret these results please access https://meme-suite.org/meme.
To get a copy of the MEME Suite software please access https://meme-suite.org.

********************************************************************************


********************************************************************************
REFERENCE
********************************************************************************
If you use this program in your research, please cite:

Timothy L. Bailey,
"STREME: accurate and versatile sequence motif discovery",
Bioinformatics, Mar. 24, 2021.
********************************************************************************


ALPHABET= ACGT

strands: + -

Background letter frequencies
A 0.402 C 0.0984 G 0.0984 T 0.402 

MOTIF 1-ATATATACATATG STREME-1
letter-probability matrix: alength= 4 w= 13 nsites= 118 E= 3.3e-002
 0.957291 0.041955 0.000148 0.000606
 0.042457 0.004471 0.041955 0.911116
 0.957291 0.031504 0.010600 0.000606
 0.000606 0.286489 0.000148 0.712757
 0.863181 0.052429 0.083784 0.000606
 0.000606 0.031526 0.010600 0.957268
 0.677256 0.000148 0.321990 0.000606
 0.000606 0.847112 0.118214 0.034069
 0.894536 0.000148 0.083762 0.021554
 0.052909 0.146698 0.021052 0.779342
 0.923919 0.000148 0.075327 0.000606
 0.021554 0.208304 0.010600 0.759542
 0.289671 0.031526 0.678197 0.000606

MOTIF 2-AAAYAAACAAATA STREME-2
letter-probability matrix: alength= 4 w= 13 nsites= 87 E= 9.8e-002
 0.947632 0.000182 0.000182 0.052004
 0.960489 0.000182 0.038588 0.000742
 0.601842 0.000182 0.179546 0.218430
 0.000742 0.371907 0.012984 0.614368
 0.793926 0.000182 0.102680 0.103212
 0.998895 0.000182 0.000182 0.000742
 0.627364 0.102652 0.051390 0.218595
 0.000742 0.998335 0.000182 0.000742
 0.998895 0.000182 0.000182 0.000742
 0.819668 0.000182 0.179409 0.000742
 0.755603 0.141003 0.064246 0.039148
 0.218898 0.102597 0.012984 0.665521
 0.806811 0.025786 0.012984 0.154420

MOTIF 3-GAAAGAAAAA STREME-3
letter-probability matrix: alength= 4 w= 10 nsites= 163 E= 1.0e-001
 0.036509 0.008945 0.918036 0.036509
 0.945600 0.008945 0.008945 0.036509
 0.945600 0.008945 0.008945 0.036509
 0.945600 0.008945 0.008945 0.036509
 0.036509 0.008945 0.918036 0.036509
 0.945600 0.008945 0.008945 0.036509
 0.945600 0.008945 0.008945 0.036509
 0.945600 0.008945 0.008945 0.036509
 0.945600 0.008945 0.008945 0.036509
 0.945600 0.008945 0.008945 0.036509

MOTIF 4-AAATAAATAAATAAA STREME-4
letter-probability matrix: alength= 4 w= 15 nsites= 111 E= 1.5e-001
 0.957249 0.031535 0.000149 0.011068
 0.936325 0.010611 0.052459 0.000606
 0.923619 0.000149 0.000149 0.076084
 0.074660 0.026304 0.000149 0.898888
 0.978173 0.000149 0.021073 0.000606
 0.999097 0.000149 0.000149 0.000606
 0.787189 0.109231 0.000149 0.103432
 0.256228 0.021073 0.073383 0.649317
 0.789834 0.000149 0.104769 0.105249
 0.946719 0.010611 0.010611 0.032059
 0.900499 0.010611 0.021095 0.067795
 0.009636 0.110067 0.043297 0.837000
 0.779283 0.000149 0.041997 0.178572
 0.862616 0.000149 0.073405 0.063831
 0.904804 0.021073 0.063056 0.011068

MOTIF 5-AAAAAAAAAAAAAAC STREME-5
letter-probability matrix: alength= 4 w= 15 nsites= 94 E= 1.5e-001
 0.998774 0.000202 0.000202 0.000823
 0.998774 0.000202 0.000202 0.000823
 0.970306 0.028670 0.000202 0.000823
 0.970367 0.014405 0.014405 0.000823
 0.964431 0.006076 0.000202 0.029291
 0.927756 0.028609 0.014405 0.029230
 0.956133 0.000202 0.000202 0.043464
 0.879118 0.000202 0.119857 0.000823
 0.936085 0.014405 0.048687 0.000823
 0.887508 0.028670 0.028609 0.055214
 0.798365 0.028609 0.028609 0.144417
 0.907556 0.000202 0.042873 0.049369
 0.998774 0.000202 0.000202 0.000823
 0.934101 0.000202 0.057230 0.008468
 0.000823 0.658626 0.125358 0.215193

MOTIF 6-AATAATAATAATAAT STREME-6
letter-probability matrix: alength= 4 w= 15 nsites= 101 E= 2.2e-001
 0.999049 0.000156 0.000156 0.000638
 0.988032 0.000156 0.000156 0.011655
 0.022815 0.033207 0.055288 0.888689
 0.999049 0.000156 0.000156 0.000638
 0.745635 0.044224 0.209502 0.000638
 0.088821 0.000156 0.022190 0.888832
 0.866798 0.088339 0.044224 0.000638
 0.685923 0.055241 0.143424 0.115412
 0.104466 0.000156 0.099356 0.796021
 0.932900 0.000156 0.022190 0.044753
 0.789632 0.022190 0.121343 0.066835
 0.255334 0.000156 0.011173 0.733336
 0.866845 0.011173 0.055241 0.066740
 0.844764 0.055265 0.088316 0.011655
 0.199276 0.170038 0.011173 0.619512

MOTIF 7-AATTAAAAAAAAA STREME-7
letter-probability matrix: alength= 4 w= 13 nsites= 118 E= 2.4e-001
 0.934422 0.010511 0.053965 0.001102
 0.839784 0.095773 0.010511 0.053933
 0.001102 0.000270 0.019297 0.979331
 0.001102 0.000270 0.035224 0.963404
 0.821919 0.000270 0.114758 0.063053
 0.970905 0.000270 0.000270 0.028555
 0.931544 0.038405 0.006612 0.023438
 0.993237 0.000270 0.000270 0.006223
 0.952434 0.019297 0.008140 0.020129
 0.873307 0.076869 0.000270 0.049553
 0.887501 0.019297 0.000270 0.092933
 0.983136 0.000270 0.000270 0.016324
 0.840179 0.000270 0.095649 0.063902

MOTIF 8-ATATATATATGTAT STREME-8
letter-probability matrix: alength= 4 w= 14 nsites= 74 E= 3.3e-001
 0.998022 0.000325 0.000325 0.001327
 0.001327 0.069248 0.000325 0.929100
 0.896551 0.023234 0.000325 0.079890
 0.001327 0.000325 0.000325 0.998022
 0.975114 0.000325 0.023234 0.001327
 0.079823 0.023234 0.000325 0.896618
 0.998022 0.000325 0.000325 0.001327
 0.001327 0.023234 0.000325 0.975114
 0.975114 0.023234 0.000325 0.001327
 0.079626 0.000325 0.000325 0.919724
 0.292393 0.000325 0.705954 0.001327
 0.001327 0.000325 0.009800 0.988547
 0.923855 0.000325 0.046665 0.029155
 0.135811 0.000325 0.000325 0.863539

MOTIF 9-AAATWGCTAA STREME-9
letter-probability matrix: alength= 4 w= 10 nsites= 78 E= 2.6e+000
 0.943129 0.033713 0.022512 0.000646
 0.870562 0.000158 0.071712 0.057568
 0.828372 0.077457 0.020537 0.073634
 0.000646 0.033617 0.033617 0.932120
 0.294630 0.146556 0.105411 0.453404
 0.000646 0.000158 0.998549 0.000646
 0.016490 0.893769 0.025186 0.064556
 0.091133 0.033617 0.044794 0.830457
 0.849149 0.000158 0.067171 0.083521
 0.664526 0.011335 0.253242 0.070897

MOTIF 10-AATAATTAACG STREME-10
letter-probability matrix: alength= 4 w= 11 nsites= 63 E= 3.3e+000
 0.877053 0.025337 0.037916 0.059694
 0.924075 0.017961 0.000179 0.057785
 0.038520 0.055779 0.037970 0.867730
 0.940832 0.000179 0.000179 0.058811
 0.917805 0.030540 0.012785 0.038871
 0.060775 0.012758 0.012758 0.913709
 0.065546 0.012758 0.000179 0.921518
 0.950136 0.012758 0.012758 0.024348
 0.766005 0.012758 0.063129 0.158108
 0.110461 0.608777 0.075945 0.204817
 0.178603 0.068331 0.619160 0.133906

MOTIF 11-AAAATAATGAA STREME-11
letter-probability matrix: alength= 4 w= 11 nsites= 113 E= 4.1e+000
 0.883976 0.000245 0.095401 0.020377
 0.929439 0.034780 0.000245 0.035535
 0.911800 0.000245 0.086954 0.001000
 0.993394 0.000245 0.000245 0.006116
 0.078794 0.017513 0.000245 0.903448
 0.770192 0.111103 0.000245 0.118460
 0.971553 0.017513 0.009934 0.001000
 0.157698 0.052085 0.036203 0.754014
 0.001000 0.000245 0.951171 0.047584
 0.878445 0.013597 0.000245 0.107713
 0.969444 0.000245 0.000245 0.030066

********************************************************************************
Stopped because 3 consecutive motifs exceeded the p-value threshold (0.05).
********************************************************************************
COMMAND:	streme --verbosity 1 --oc streme_out/Cluster1.Sub4 --dna --totallength 4000000 --time 14400 --minw 8 --maxw 15 --thresh 0.05 --align center --p UTR_1000/Cluster1.Sub4.fasta ‑‑with‑db=/mnt/sdb3/adaobi/motifDB/motif_databases
********************************************************************************
CPU:		Nitro-AN515-51
********************************************************************************
FINALTIME:	33.85 seconds
********************************************************************************
