********************************************************************************
STREME - Sensitive, Thorough, Rapid, Enriched Motif Elicitation
********************************************************************************
MEME version 5.5.7 (Release date: Wed Jun 19 13:59:04 2024 -0700)

For further information on how to interpret these results please access https://meme-suite.org/meme.
To get a copy of the MEME Suite software please access https://meme-suite.org.

********************************************************************************


********************************************************************************
REFERENCE
********************************************************************************
If you use this program in your research, please cite:

Timothy L. Bailey,
"STREME: accurate and versatile sequence motif discovery",
Bioinformatics, Mar. 24, 2021.
********************************************************************************


ALPHABET= ACGT

strands: + -

Background letter frequencies
A 0.402 C 0.0977 G 0.0977 T 0.402 

MOTIF 1-AAAAARAAAAAAA STREME-1
letter-probability matrix: alength= 4 w= 13 nsites= 139 E= 8.7e-003
 0.998945 0.000172 0.000172 0.000710
 0.998945 0.000172 0.000172 0.000710
 0.850407 0.000172 0.148711 0.000710
 0.986709 0.000172 0.012408 0.000710
 0.906513 0.000172 0.000172 0.093142
 0.549165 0.000172 0.449952 0.000710
 0.953763 0.000172 0.045355 0.000710
 0.657100 0.116303 0.201371 0.025226
 0.960229 0.012408 0.000172 0.027191
 0.975528 0.005236 0.018526 0.000710
 0.923793 0.075325 0.000172 0.000710
 0.986665 0.000172 0.012453 0.000710
 0.998945 0.000172 0.000172 0.000710

MOTIF 2-AAAAATAATAATAAA STREME-2
letter-probability matrix: alength= 4 w= 15 nsites= 95 E= 4.0e-002
 0.920266 0.020846 0.045849 0.013039
 0.932685 0.045830 0.000146 0.021339
 0.853748 0.010496 0.051897 0.083859
 0.957479 0.000146 0.000146 0.042229
 0.905917 0.010496 0.051935 0.031652
 0.128882 0.000146 0.000146 0.870827
 0.988757 0.010496 0.000146 0.000601
 0.968057 0.031197 0.000146 0.000601
 0.132702 0.010515 0.000146 0.856637
 0.916268 0.000146 0.072635 0.010951
 0.864441 0.062285 0.051973 0.021301
 0.033938 0.020846 0.020846 0.924369
 0.865718 0.010496 0.010496 0.113290
 0.905917 0.020846 0.000146 0.073090
 0.762348 0.020846 0.000146 0.216660

MOTIF 3-ATTAATAAGA STREME-3
letter-probability matrix: alength= 4 w= 10 nsites= 100 E= 7.1e-002
 0.989917 0.000314 0.000314 0.009456
 0.017191 0.022573 0.022573 0.937663
 0.077224 0.044913 0.067335 0.810528
 0.932967 0.022573 0.009525 0.034935
 0.877248 0.044913 0.009525 0.068313
 0.014830 0.067335 0.000314 0.917521
 0.966610 0.009525 0.022573 0.001292
 0.913588 0.022613 0.057587 0.006212
 0.001292 0.045048 0.775947 0.177713
 0.893690 0.044995 0.022573 0.038742

MOTIF 4-ATGCATATATA STREME-4
letter-probability matrix: alength= 4 w= 11 nsites= 134 E= 1.4e-001
 0.920583 0.047030 0.031483 0.000904
 0.000904 0.010794 0.004113 0.984189
 0.000904 0.000219 0.997972 0.000904
 0.000904 0.865352 0.000219 0.133524
 0.975266 0.000219 0.015823 0.008692
 0.000904 0.135398 0.015795 0.847904
 0.948474 0.000219 0.025567 0.025740
 0.044110 0.099887 0.035018 0.820985
 0.993486 0.000219 0.000219 0.006075
 0.048077 0.013923 0.000219 0.937781
 0.957239 0.000219 0.041638 0.000904

MOTIF 5-AAATAAATCAA STREME-5
letter-probability matrix: alength= 4 w= 11 nsites= 102 E= 1.5e-001
 0.889869 0.000219 0.093494 0.016418
 0.983144 0.000219 0.015736 0.000901
 0.799296 0.015765 0.106167 0.078772
 0.000901 0.000219 0.015736 0.983144
 0.820837 0.046828 0.000219 0.132117
 0.936479 0.000219 0.062402 0.000901
 0.921018 0.015736 0.062346 0.000901
 0.000901 0.000219 0.109411 0.889470
 0.000901 0.886226 0.111973 0.000901
 0.808326 0.000219 0.093409 0.098047
 0.729532 0.000219 0.015736 0.254513

MOTIF 6-AACAAACTAA STREME-6
letter-probability matrix: alength= 4 w= 10 nsites= 81 E= 2.0e-001
 0.752263 0.000183 0.142920 0.104634
 0.622446 0.000183 0.091003 0.286369
 0.000753 0.998312 0.000183 0.000753
 0.669068 0.091003 0.005549 0.234380
 0.797038 0.013150 0.052076 0.137735
 0.752286 0.052053 0.155958 0.039702
 0.000753 0.985344 0.013150 0.000753
 0.000753 0.149864 0.000183 0.849201
 0.745803 0.013150 0.201321 0.039726
 0.797838 0.013150 0.013150 0.175861

MOTIF 7-TATATATATATATA STREME-7
letter-probability matrix: alength= 4 w= 14 nsites= 86 E= 6.0e-001
 0.001096 0.000266 0.032741 0.965897
 0.880192 0.118446 0.000266 0.001096
 0.068957 0.039516 0.000266 0.891261
 0.998372 0.000266 0.000266 0.001096
 0.001096 0.009707 0.000266 0.988931
 0.970014 0.000266 0.000266 0.029454
 0.001096 0.024421 0.000266 0.974217
 0.974217 0.000266 0.024421 0.001096
 0.029454 0.000266 0.000266 0.970014
 0.988931 0.000266 0.009707 0.001096
 0.001096 0.000266 0.000266 0.998372
 0.891261 0.000266 0.039516 0.068957
 0.001096 0.000266 0.118446 0.880192
 0.965897 0.032741 0.000266 0.001096

MOTIF 8-GGAAAAWAAAA STREME-8
letter-probability matrix: alength= 4 w= 11 nsites= 102 E= 6.0e-001
 0.000740 0.000180 0.998339 0.000740
 0.000740 0.000180 0.998339 0.000740
 0.945416 0.053664 0.000180 0.000740
 0.671853 0.029127 0.272768 0.026252
 0.922533 0.000180 0.076547 0.000740
 0.909516 0.025692 0.064052 0.000740
 0.365753 0.076956 0.166192 0.391099
 0.835747 0.000180 0.050330 0.113742
 0.780816 0.122338 0.030970 0.065875
 0.828672 0.110632 0.059955 0.000740
 0.919881 0.079199 0.000180 0.000740

MOTIF 9-ATACATACATATA STREME-9
letter-probability matrix: alength= 4 w= 13 nsites= 62 E= 1.6e+000
 0.795495 0.084789 0.118898 0.000818
 0.162096 0.028447 0.042494 0.766963
 0.872364 0.084944 0.000199 0.042494
 0.000818 0.969968 0.028396 0.000818
 0.936556 0.014297 0.048328 0.000818
 0.014917 0.042545 0.014297 0.928241
 0.888426 0.084789 0.000199 0.026585
 0.057263 0.857077 0.084841 0.000818
 0.914194 0.014297 0.014297 0.057212
 0.141880 0.070691 0.014297 0.773132
 0.753148 0.000199 0.141183 0.105470
 0.029015 0.007248 0.014297 0.949440
 0.829577 0.000199 0.113012 0.057212

********************************************************************************
Stopped because 3 consecutive motifs exceeded the p-value threshold (0.05).
********************************************************************************
COMMAND:	streme --verbosity 1 --oc streme_out/Cluster3.Sub5 --dna --totallength 4000000 --time 14400 --minw 8 --maxw 15 --thresh 0.05 --align center --p UTR_1000/Cluster3.Sub5.fasta ‑‑with‑db=/mnt/sdb3/adaobi/motifDB/motif_databases
********************************************************************************
CPU:		Nitro-AN515-51
********************************************************************************
FINALTIME:	39.25 seconds
********************************************************************************
