"","baseMean","log2FoldChange","lfcSE","stat","pvalue","padj"
"PBANKA_010100",208.357029211728,-3.36642369190599,0.304997696987633,-4.48011150707606,7.46040538069358e-06,6.79981441967181e-05
"PBANKA_010150",251.270364955803,3.56125948571794,0.387398128557167,4.03011623089848,5.57492792907352e-05,0.000442784103080733
"PBANKA_010320",269.429106519927,5.90143822032168,0.470931651651285,8.28451051578629,1.18595836318839e-16,2.82039983153653e-15
"PBANKA_010420",165.200542600176,7.75383043328401,0.477320511533577,12.0544378342293,1.83782129664615e-33,1.33419377640733e-31
"PBANKA_010450",894.531839124969,8.12491373052573,0.405181302687906,15.1164767226278,1.26111906459564e-51,2.60925534464838e-49
"PBANKA_010510",227.856952515446,7.26809974716326,0.514749139360725,10.2343051096808,1.39190801561566e-24,5.53818785444e-23
"PBANKA_010640",422.437688037777,3.47231627450112,0.307892237966803,4.78192072727688,1.73628153288002e-06,1.698518435711e-05
"PBANKA_010650",391.707091789981,3.55938648952659,0.289668567043313,5.38334726975543,7.31132868034435e-08,8.54640623708049e-07
"PBANKA_010700",733.774726638808,5.67962959090735,0.408982358122152,8.99703744631534,2.31890475298991e-19,6.35472044229949e-18
"PBANKA_010720",344.091789576559,6.05903137651665,0.345649687931564,11.7431941015387,7.65400786468985e-32,4.87265916062871e-30
"PBANKA_010760",1645.15283507671,-3.08559055735259,0.280384090879451,-3.87179798235887,0.000108035477269182,0.000834050009216187
"PBANKA_010830",228.975674491296,3.83595110037162,0.522934693210929,3.51086115380582,0.000446657625818174,0.0032654933845152
"PBANKA_010980",256.252932879601,5.94506371634341,0.579106421605909,6.81232942539892,9.60308896005231e-12,1.56447173687781e-10
"PBANKA_011080",251.077314641652,7.92201882446733,0.40118871981066,14.7611797940436,2.60680434408443e-49,4.90316198900972e-47
"PBANKA_011090",374.602695258781,3.03420334829269,0.295887461505718,3.49525911990261,0.000473601726300029,0.00344422485664239
"PBANKA_020170",1363.77474722244,10.5807599429227,0.514848299550894,16.6665791659558,2.29350267302443e-62,8.6277400554319e-60
"PBANKA_020190",134.469527276994,3.22285770010954,0.285772746782599,4.27912638233423,1.87628307041591e-05,0.000159099576749612
"PBANKA_020340",517.83785534736,6.00397104728647,0.366182924692065,10.9343466811118,7.89727484611012e-28,3.89034801347663e-26
"PBANKA_020350",406.098147820141,3.03254814627665,0.282112122946078,3.66006301145026,0.000252153233972421,0.00187326765202492
"PBANKA_020360",325.49628290564,5.71509707076665,0.326518226652673,11.3779163535594,5.38714767130284e-30,3.01243473835826e-28
"PBANKA_020410",966.877410422951,4.32605752752854,0.356285523279249,6.52863328860384,6.63725317657232e-11,1.00237057097286e-09
"PBANKA_020460",3156.71545883248,7.02853667731222,0.696606668911331,7.21861690639698,5.25189766223878e-13,9.70194309211789e-12
"PBANKA_020770",334.156478113322,3.05027453363335,0.315993392512854,3.32372308573075,0.000888243476005542,0.00619823187809601
"PBANKA_020910",1416.887871892,3.68563325876845,0.436303254441144,3.86344415635304,0.000111799460565831,0.00085989994018849
"PBANKA_020930",647.999149162305,4.03719735638109,0.395668521620061,5.14874761338052,2.62231445181861e-07,2.82581697958995e-06
"PBANKA_020970",991.78904499717,4.21358740142729,0.413666650613897,5.35113816437036,8.74027560637095e-08,1.01308852826787e-06
"PBANKA_021050",765.362230173222,-2.87643499620923,0.235304490590969,-3.72468453112839,0.00019555962022764,0.00146598860235865
"PBANKA_021090",176.332843840816,-3.05581553481907,0.286060845627088,-3.69087748623748,0.000223481764731508,0.00166624782425041
"PBANKA_030130",768.169101341298,3.37542126865047,0.343024696034671,4.00968584638423,6.07995841387189e-05,0.000480131067110723
"PBANKA_030140",100.858903655241,4.02617911291432,0.418085420869783,4.84632807501173,1.25767476963012e-06,1.24206639540082e-05
"PBANKA_030160",1344.07184422851,4.93869808828274,0.400170376434771,7.34361727238388,2.07897070339387e-13,4.01999101431954e-12
"PBANKA_030210",371.868992764,3.55579319715178,0.316271915762298,4.91916328834294,8.6914941813594e-07,8.72946672875369e-06
"PBANKA_030220",198.5959176613,5.92319986449743,0.350561674260812,11.1911830429548,4.50383873691546e-29,2.38934419145592e-27
"PBANKA_030350",208.065243157498,4.4195044963386,0.366101273163831,6.60883933953397,3.87344799891022e-11,5.95848617824925e-10
"PBANKA_030390",693.948057173109,4.89380882130034,0.421365842626095,6.86768724124657,6.52510797312611e-12,1.08003587171183e-10
"PBANKA_030510",2676.84915300785,-4.25873130561224,0.640540842626514,-3.52628771703361,0.000421428864968117,0.0030919727716987
"PBANKA_030630",441.456540979942,3.94251729275279,0.363528122763123,5.34351311801686,9.11622287219607e-08,1.05371313533931e-06
"PBANKA_030690",398.13204490854,3.4859175985679,0.303200352594014,4.90077793727881,9.54579059936493e-07,9.5642812349085e-06
"PBANKA_030760",199.078639914194,3.55812157135107,0.365057939435237,4.26814870472769,1.97101923113989e-05,0.00016645056282565
"PBANKA_030840",179.67980083802,4.0902243956851,0.409676344613863,5.10213592550778,3.35841394357485e-07,3.6002893519463e-06
"PBANKA_031060",1179.06477136274,4.39803340792194,0.345474188217313,6.94128096890848,3.88560321737876e-12,6.50956522814304e-11
"PBANKA_031070",282.530614091803,4.49061383254877,0.40670796710839,6.12383831636376,9.13475932039143e-10,1.24340901538749e-08
"PBANKA_031140",1262.02539314935,4.60306983832756,0.51980754301567,5.00775695409463,5.50680093508919e-07,5.75432885590885e-06
"PBANKA_031150",1872.86978118992,7.4311996918307,0.546527405481671,9.93765296553431,2.85473834161717e-23,1.03477216174657e-21
"PBANKA_031180",2378.95705556659,-4.274390818785,0.532661311316481,-4.26986298885461,1.95593082963772e-05,0.000165514146687953
"PBANKA_031200",1650.0445322686,9.36540670131284,0.466274086466746,15.7963028937018,3.29905848155699e-56,8.03029646863697e-54
"PBANKA_031270",862.358019427344,4.98713716330145,0.446918430849769,6.68385315329628,2.32740031356653e-11,3.67587118226652e-10
"PBANKA_031280",358.871497118317,3.44738696341533,0.299566689145189,4.831601829781,1.35438915235637e-06,1.33439578867872e-05
"PBANKA_031330",1416.42056888768,5.80415078707891,0.423074300085749,8.99168487971943,2.43468924191752e-19,6.62812110727282e-18
"PBANKA_031350",157.960569524593,3.74876284648064,0.424301549314114,4.12150945314135,3.76398023104232e-05,0.00030660138181207
"PBANKA_031440",239.779767425792,3.98796702890853,0.328912811094952,6.04405472164669,1.50288500955181e-09,1.99324941330942e-08
"PBANKA_031480",118.560823454943,4.31665325824417,0.374650118777185,6.18351134067557,6.26912277243712e-10,8.67613044560026e-09
"PBANKA_040250",310.544463660534,5.08863629871056,0.412322192077919,7.49083206786716,6.84383384425165e-14,1.36810552886538e-12
"PBANKA_040270",2133.95634284353,6.66828961966152,0.571769556457713,8.16463480249456,3.22409111156236e-16,7.49510619081182e-15
"PBANKA_040310",691.322745709531,4.94393110867533,0.361296998610599,8.14823018180746,3.69288927454286e-16,8.50386193597104e-15
"PBANKA_040390",401.193653022726,3.53439570894647,0.349396049113325,4.39156571129057,1.12537312608844e-05,0.000100361939563663
"PBANKA_040690",718.521267082572,5.52022642641203,0.478792556791185,7.35229981435843,1.94825192738821e-13,3.78491383827813e-12
"PBANKA_040820",4867.74888017605,9.37697932442209,0.52140464021167,14.1482809232908,1.91378587104055e-45,3.29968580598574e-43
"PBANKA_040890",323.473387933312,2.98202909881404,0.296339781692625,3.31386185548534,0.000920169571087787,0.00638869410261957
"PBANKA_040900",683.598558647105,6.88718725708295,0.376981675718184,12.9639915462003,1.95788357708084e-38,2.18965465998933e-36
"PBANKA_041290",11944.0880815035,9.36944903873366,0.58225103511486,12.6568242807501,1.02565063856746e-36,1.00762470032882e-34
"PBANKA_041430",843.824960402316,5.4325457034867,0.322483751805269,10.644088839426,1.85793033441282e-26,8.44847881736292e-25
"PBANKA_041490",355.306471195472,2.93592487569065,0.270848166912349,3.45553335789616,0.000549205228844143,0.00393866765503824
"PBANKA_041720",887.497286171245,8.12979925780858,0.513923558670939,11.9274533233326,8.51383804669378e-33,5.97123081986761e-31
"PBANKA_041760",464.060337805212,4.33518914668457,0.539031916959213,4.33219086516777,1.47632870108838e-05,0.000128045332884049
"PBANKA_050330",864.583872057457,3.73557844168846,0.456647540144911,3.80069591776997,0.000144290282585897,0.00109554713640448
"PBANKA_050370",683.418715987997,3.51925404937157,0.29097249904755,5.22129773206951,1.77673620149752e-07,1.95016827633866e-06
"PBANKA_050380",505.642606842531,6.04276766136639,0.321466133824285,12.5760297461884,2.86048564779642e-36,2.63037546901813e-34
"PBANKA_050440",1266.087351845,7.8418693751615,0.524431674811133,11.1394289394617,8.06347181235621e-29,4.06910321457683e-27
"PBANKA_050450",202.497181188359,2.95940542659369,0.287730233558107,3.33439213088444,0.00085486050103049,0.00600579414815648
"PBANKA_050520",501.934899855721,3.29552875267037,0.29897922704617,4.3331731286813,1.46975437208162e-05,0.00012776982335449
"PBANKA_050540",408.647969451419,3.81042692318824,0.248624459264276,7.2817731953872,3.29460643207832e-13,6.22515133147949e-12
"PBANKA_050640",181.628018244823,-3.05276705771711,0.327660581730463,-3.21298049389148,0.00131365210976104,0.00885324500031136
"PBANKA_050690",311.376675981482,3.67045315400218,0.380805533288703,4.38663046614858,1.15120125013217e-05,0.000102224694700578
"PBANKA_050800",53.7431850902111,-4.40848710534678,0.547974687118998,-4.39525248512758,1.1064407305921e-05,9.88866467211684e-05
"PBANKA_050830",1489.45530706827,4.64254321727911,0.410991710785772,6.42967521711534,1.27876878165355e-10,1.88311217739587e-09
"PBANKA_050930",400.821122775137,3.1436004411934,0.216547679304687,5.28105609289091,1.28441356236448e-07,1.46013827501764e-06
"PBANKA_051010",811.495202202802,3.26560447884517,0.359469648405559,3.52075476875114,0.000430320387775659,0.00315162082232863
"PBANKA_051040",436.72602276633,3.8231310256869,0.29599250542104,6.15938239075867,7.3029192590318e-10,1.00396943169015e-08
"PBANKA_051100",485.963224116406,3.77647103659271,0.498422642874751,3.56418606174583,0.000364986995755527,0.00269699319363638
"PBANKA_051170",971.777806992538,4.77535675355686,0.294353707864765,9.42864546768998,4.15418749756154e-21,1.31221586755036e-19
"PBANKA_051200",299.152033340608,4.73008223107731,0.406545049773763,6.71532523295159,1.87647209190285e-11,2.98647750626692e-10
"PBANKA_051300",1450.28079490688,6.87016900219288,0.434344378485591,11.2126903061886,3.53289120398008e-29,1.89858490935968e-27
"PBANKA_051470",109.636019331495,-3.15855766018997,0.267455565929351,-4.33177621921693,1.47911235182637e-05,0.000128045332884049
"PBANKA_051490",21924.7440650626,12.2007170533499,0.515033957072571,19.8059116554767,2.64727241392686e-87,3.65147108294311e-84
"PBANKA_051500",12484.3969776812,10.5595102980738,0.448172535593066,19.0986944051513,2.58879942347113e-81,2.67811300358088e-78
"PBANKA_051600",137.698625957757,4.28056694596114,0.405608652541965,5.62257962612173,1.88126805250622e-08,2.31687119085439e-07
"PBANKA_051760",837.0287962452,6.02809479857922,0.49726896185451,8.10043478997138,5.47631117918673e-16,1.23830468084561e-14
"PBANKA_051810",819.736780612058,5.07233038891635,0.593315099638843,5.17824405747723,2.2398409176983e-07,2.43266711743716e-06
"PBANKA_051850",231.26965891895,5.25864836704703,0.347338357182513,9.38176938901895,6.48747483401842e-21,2.01843389948633e-19
"PBANKA_051880",247.724221649999,-3.47761374718151,0.286105628459928,-5.16457419986919,2.40986868730911e-07,2.60366491594911e-06
"PBANKA_052390",1735.34367410909,4.70393955786736,0.595536407967874,4.54034299446764,5.61627880697505e-06,5.19914132064044e-05
"PBANKA_060060",876.180689133035,4.02662002999825,0.416318542343745,4.86795524068903,1.12758859676803e-06,1.1189356387113e-05
"PBANKA_060180",72.1560449692919,3.55523431086934,0.328524024137503,4.73400481122319,2.20132504336388e-06,2.12829042743919e-05
"PBANKA_060320",1604.88895056841,-3.86482313208819,0.363582834798796,-5.12901862685617,2.91256526330354e-07,3.13044027520781e-06
"PBANKA_060330",431.667742989611,3.61485438124958,0.362402439667042,4.45596995079071,8.35147303923691e-06,7.54550118697867e-05
"PBANKA_060340",495.809302552985,4.56474617069231,0.322042828598619,7.96399094447436,1.66577452875402e-15,3.66647606382135e-14
"PBANKA_060350",292.745609733387,3.76280446108616,0.331648350006242,5.31528186723374,1.06492351907614e-07,1.22748008967607e-06
"PBANKA_060390",864.738996892042,8.21821244146693,0.525346867640646,11.8363938656248,2.53103444888984e-32,1.66244770627082e-30
"PBANKA_060500",124.423612199747,4.06551363115551,0.395294814783494,5.22524848267187,1.73921387981198e-07,1.91406038155904e-06
"PBANKA_060580",412.408235428528,6.28181931669809,0.427255276351599,10.0216885634772,1.22393741886553e-23,4.60423003569596e-22
"PBANKA_060620",1033.05096048359,7.6945604256065,0.45322247376317,12.5646029384284,3.30530210951845e-36,2.9733348106929e-34
"PBANKA_060800",593.781344938264,5.90746204808441,0.373864313545384,10.4515512888343,1.44147865286403e-25,6.27877754268562e-24
"PBANKA_060850",289.807567739686,4.29980755222453,0.284708389532307,8.07776530927819,6.59644021388345e-16,1.4834820437527e-14
"PBANKA_060860",1820.57695284934,7.98250976821938,0.486083216046512,12.3075834974869,8.24551484390964e-35,6.82398808481962e-33
"PBANKA_060950",2201.86911538229,4.58553837820537,0.5254468487863,4.92064684406722,8.62586534231613e-07,8.68463036167984e-06
"PBANKA_060960",2064.43052152899,10.1189731145596,0.57516552756948,14.1158896446185,3.03165709095822e-45,5.01799881695404e-43
"PBANKA_061160",2195.78911188117,4.12929070500832,0.35559175437193,5.98802047243536,2.12410332437809e-09,2.78149985958119e-08
"PBANKA_061240",2835.75378047682,7.56290295387316,0.474471644128306,11.724416037745,9.5557727537627e-32,5.90175935150299e-30
"PBANKA_061530",902.1555302688,4.25040409293128,0.37239212632176,6.04310331466798,1.51177778135647e-09,1.99863784640674e-08
"PBANKA_061550",562.43217583904,5.08276233943707,0.464158325003542,6.6416181147102,3.10257974247506e-11,4.80841759339393e-10
"PBANKA_061620",976.671315574435,4.88058153501224,0.411315018488392,7.00334635384469,2.49919966757554e-12,4.22109723446023e-11
"PBANKA_061640",1740.08403689871,7.39469056530768,0.496695066509814,10.8611720330045,1.76469600104381e-27,8.39346212910264e-26
"PBANKA_061650",1345.80930684044,6.20561228183139,0.349451111743805,12.034908862773,2.32891066805796e-33,1.66155730076273e-31
"PBANKA_061660",443.912566240556,3.76465673635375,0.394033715490023,4.47844097340556,7.51901546344559e-06,6.83817274455777e-05
"PBANKA_061670",253.627057225655,4.75722653591941,0.289018176495645,9.539976237311,1.42865046437733e-21,4.69186954094713e-20
"PBANKA_061700",152.227097414382,4.12703508762145,0.405353514982781,5.24735819229742,1.54295730170058e-07,1.71173118349518e-06
"PBANKA_061740",666.458699556779,-2.87735440062028,0.212068335193279,-4.13713060849305,3.51675953199072e-05,0.000288165365215398
"PBANKA_061750",574.445567618983,3.53216588398828,0.328146033781688,4.66915862529551,3.02435798206447e-06,2.87036544261073e-05
"PBANKA_061790",361.622164862047,3.82534194057267,0.242490869622647,7.52746667704722,5.17342053213804e-14,1.04427386156035e-12
"PBANKA_061840",503.208182823285,3.45801074190506,0.295952481146056,4.92650285025154,8.37143917067856e-07,8.44902811908973e-06
"PBANKA_061870",197.436242210048,3.26094915433523,0.288576418085284,4.36955023110231,1.24502700004543e-05,0.000109382626882972
"PBANKA_061920",23538.3886180671,12.7890152691831,0.431673603037614,24.993456151274,7.20170475689378e-138,2.98006542840265e-134
"PBANKA_062030",709.567732465581,5.54879657607013,0.500427150072986,7.09153485288029,1.32632665298067e-12,2.32556766526864e-11
"PBANKA_062040",724.867373275955,4.45763559447236,0.341350320851639,7.19974596285945,6.0324844569525e-13,1.10944091923864e-11
"PBANKA_062050",502.079533664244,4.27387405440669,0.410877081820668,5.53419539569049,3.12660271980329e-08,3.78300644869766e-07
"PBANKA_062060",131.081814924837,3.98977882901453,0.378556190052261,5.25623112579361,1.47037483511826e-07,1.65337257274983e-06
"PBANKA_062070",139.042969920043,3.86763197570701,0.371880983367095,5.02212282756984,5.11034837212495e-07,5.36716283346524e-06
"PBANKA_062080",337.880385973968,3.35993987950571,0.316999202681368,4.29004195594983,1.78639366607414e-05,0.000152414370932263
"PBANKA_062230",793.28391156558,5.32608969938551,0.365118436119412,9.1096186068723,8.26720808013092e-20,2.31146669159336e-18
"PBANKA_070190",3281.31868659106,6.68227153034473,0.551121705334366,8.49589389244612,1.96415370112938e-17,4.866867075014e-16
"PBANKA_070330",274.035847111281,4.01700261498847,0.319961541077125,6.30389079949543,2.90265039043075e-10,4.12754890570531e-09
"PBANKA_070350",666.10718320926,5.07135073716724,0.469864286092427,6.53667628733774,6.29009875452758e-11,9.53422294733887e-10
"PBANKA_070470",186.207980154648,4.6932635770359,0.399474206407124,6.74202122149299,1.56198261055656e-11,2.49555368435638e-10
"PBANKA_070480",1313.48392443155,8.09532024358577,0.52435741869136,11.6243616020498,3.09901346731131e-31,1.85850981561366e-29
"PBANKA_070490",721.147638629658,7.86781435988987,0.463668207445129,12.6552009943107,1.04707254988253e-36,1.00762470032882e-34
"PBANKA_070650",423.878970135661,5.82370184751086,0.41265967562518,9.26599344052202,1.93269668406113e-20,5.75359631557192e-19
"PBANKA_070660",2153.84324750912,7.01637452565945,0.46480276304827,10.7924800032622,3.73570226051801e-27,1.73689168022736e-25
"PBANKA_070710",5473.03255883622,10.3580540247222,0.496377240161759,16.8381088987853,1.28270697138499e-63,5.30784144759108e-61
"PBANKA_071070",686.354396030847,5.39127198039905,0.33546296320211,10.1092291918851,5.02782835137379e-24,1.92640312203563e-22
"PBANKA_071090",272.767982023928,3.1132270246641,0.330704072222604,3.36623319205687,0.000762022595927879,0.00540866123833544
"PBANKA_071140",2424.57494077432,8.45506039423005,0.5501255538409,11.733794856759,8.55359699548649e-32,5.36284611626107e-30
"PBANKA_071150",224.517818345436,4.38549996999228,0.39648568092128,6.01661064896288,1.78106771074413e-09,2.34715228887237e-08
"PBANKA_071160",1835.24541735804,7.92624784994811,0.509315480224258,11.6357112242862,2.71319074683146e-31,1.65105636917479e-29
"PBANKA_071220",2748.9993570739,3.12174269235504,0.292761522704903,3.83159194552261,0.00012731677657624,0.000975623743467556
"PBANKA_071290",3663.09628641396,3.60222796003177,0.458683401470726,3.49310211552101,0.000477443896654947,0.00346607516554065
"PBANKA_071320",1455.64934479831,4.84887489604714,0.400005011590751,7.1220980075166,1.06296423690082e-12,1.90413247285524e-11
"PBANKA_071400",1462.1147052889,5.70286745436522,0.454449618233047,8.1480263285563,3.6991182901759e-16,8.50386193597104e-15
"PBANKA_071430",4270.15951702337,8.63157023236039,0.5056124840454,13.1159147402795,2.66941753341954e-39,3.06834715369168e-37
"PBANKA_071490",128.293093559834,-4.13869089111274,0.439852682902065,-4.86228906688045,1.160360017672e-06,1.14870089787721e-05
"PBANKA_071630",248.721225344464,4.35078408001414,0.363629491994848,6.46477838504763,1.01447373827435e-10,1.49924726034973e-09
"PBANKA_071680",1451.39292144377,11.0704406630402,0.72871542030991,12.4471644351682,1.44902273421375e-35,1.27575661152692e-33
"PBANKA_071760",257.379710441029,4.46766338323831,0.278784339421001,8.85151364084272,8.63402184702161e-19,2.26123939259338e-17
"PBANKA_071830",546.128450029662,3.89497662400297,0.358985442251315,5.27870047353161,1.30103273256075e-07,1.4749790266675e-06
"PBANKA_071870",107.581052743533,3.54950079132017,0.270689667453631,5.72427017956124,1.03879322342854e-08,1.30258374501434e-07
"PBANKA_071910",168.227016921853,5.32612920901949,0.379135006910813,8.77294142822828,1.74058586978602e-18,4.41873885225432e-17
"PBANKA_071980",302.302116164418,5.91013604157096,0.413585009642113,9.45424991334794,3.25346178805228e-21,1.03560191376618e-19
"PBANKA_072090",1042.44155683331,5.34757047743418,0.50055091066541,6.68777222477544,2.26593446342601e-11,3.59250452477273e-10
"PBANKA_072100",794.539854336667,5.8059925272714,0.461953504846929,8.23890821768423,1.73789191680414e-16,4.10936957242031e-15
"PBANKA_072110",351.272443294488,3.13433624653117,0.343973940306761,3.29773890870789,0.000974667183850826,0.00671077006118921
"PBANKA_080190",1087.82525126984,-3.43706675878397,0.435690516234992,-3.29836593920462,0.000972493052747151,0.00670696042044619
"PBANKA_080200",861.330289456673,-3.58379303880182,0.380724115519875,-4.15994935503143,3.18318170671534e-05,0.00026449811048972
"PBANKA_080550",219.308559113095,-3.33153616520959,0.272935980640676,-4.87856588964201,1.06859966877032e-06,1.06294842052201e-05
"PBANKA_080740",111.220435059383,-3.0090840570376,0.305601890744837,-3.30195619725447,0.000960130625887758,0.00663275547566535
"PBANKA_080860",736.609566627566,4.34213282661716,0.341635810798891,6.85564203922372,7.09929427883074e-12,1.17039361457377e-10
"PBANKA_080900",708.195705679244,4.068097751273,0.28989934291849,7.1338476674453,9.76013460853352e-13,1.76364353755946e-11
"PBANKA_081020",1832.99031299996,6.70332175035573,0.354297314506719,13.2750702807445,3.22967940133776e-40,4.04982223113202e-38
"PBANKA_081030",155.854218772379,4.58958472544792,0.361442057195484,7.16459159606695,7.80187897546576e-13,1.42221036125451e-11
"PBANKA_081040",143.402080572245,4.90219498334011,0.39899017468015,7.27385075501334,3.49381980356336e-13,6.57155743052054e-12
"PBANKA_081260",496.476639734799,4.510066761094,0.601418573438707,4.17357705922232,2.9985417591303e-05,0.000249657259542881
"PBANKA_081290",364.898327379574,3.43773478211447,0.434031448124599,3.3125129257955,0.000924618533021726,0.00640882996590268
"PBANKA_081330",248.326871379754,4.1471636353204,0.421859967212125,5.08975442611916,3.58527517996337e-07,3.82367749863104e-06
"PBANKA_081540",809.532574542712,5.61163522059652,0.499880547625221,7.22499652717894,5.01114643870153e-13,9.298710297465e-12
"PBANKA_081620",359.051125066197,3.39443614780314,0.275594634630205,5.05973619433561,4.19836925566267e-07,4.44318464959901e-06
"PBANKA_081650",216.584319791533,3.72445249312331,0.408864553396708,4.21766200761876,2.46848457088197e-05,0.000207192477775042
"PBANKA_081680",254.476946650724,5.45388134931872,0.385922551812252,8.9496748326825,3.56531034882516e-19,9.51822853125064e-18
"PBANKA_081710",177.449407145544,4.02393494849492,0.242761448436552,8.33713491795999,7.61122012005268e-17,1.83111795678942e-15
"PBANKA_081750",84.740249152633,-3.03583797210344,0.27963487813143,-3.70425169787507,0.000212015665847935,0.0015836115979761
"PBANKA_081840",341.830923646049,5.14741223212606,0.40454052704244,7.78021489005444,7.24014599659955e-15,1.53639610943225e-13
"PBANKA_081860",251.573453006559,-3.12428762909439,0.338575606023572,-3.32063978943632,0.000898113698543834,0.00625655637133735
"PBANKA_081900",1135.80795910422,4.65341444949852,0.572870123861202,4.63179059088339,3.62516726562113e-06,3.40930503298642e-05
"PBANKA_081960",613.397860376718,3.9122956171668,0.383051754485039,4.99226434750995,5.96755018441209e-07,6.20445293042644e-06
"PBANKA_082020",11552.3088948655,9.19252822480568,0.555823265024782,12.9403151638228,2.66533841766198e-38,2.85862718369711e-36
"PBANKA_082040",476.497629050909,-3.71659789789573,0.496374050207439,-3.45827485779797,0.00054364644400587,0.00391229839515098
"PBANKA_082100",594.830077579302,6.19498925578015,0.435562802359607,9.63119263870634,5.90401994614993e-22,2.00252742107938e-20
"PBANKA_082120",327.024192112353,5.03516725808322,0.402873354616243,7.53379994806153,4.92846152942091e-14,9.9970459846783e-13
"PBANKA_082140",714.351087014776,7.32884802655659,0.393360742454979,13.5469747013875,8.25633550267093e-42,1.17809366586387e-39
"PBANKA_082290",481.956579937984,4.52824857890162,0.359497441479246,7.03273038188668,2.02530502642633e-12,3.4774739416399e-11
"PBANKA_082420",1315.34753601477,7.36088900261739,0.518408260915327,10.3410562809164,4.59445132362128e-25,1.88236035417276e-23
"PBANKA_082450",184.994020572953,4.43913629361262,0.401692013641816,6.07215530998227,1.26204783075912e-09,1.67921348028336e-08
"PBANKA_082500",417.001238823152,3.37410139648138,0.341590744492463,4.02265406377749,5.75459878508074e-05,0.00045617873127709
"PBANKA_082550",783.96050660408,3.82259159960335,0.443072371269657,4.11353024423657,3.89653963206039e-05,0.000316154529362076
"PBANKA_082570",471.739598747371,6.14630788652625,0.492346075713247,8.42153129893361,3.71595022764314e-17,9.09858108993331e-16
"PBANKA_082740",335.593951885242,4.27584133967701,0.449277356320954,5.06555985441473,4.07201802951389e-07,4.32966255888488e-06
"PBANKA_082830",267.322327708045,4.72713466813907,0.499269014684483,5.46225499265662,4.70124128834564e-08,5.5423750573146e-07
"PBANKA_082880",494.681551829424,3.87500087513525,0.382796025105579,4.89817226973062,9.67322115572673e-07,9.66854810202831e-06
"PBANKA_082920",394.531708125332,5.19233431093154,0.349759323121342,9.12723149862692,7.02733357917009e-20,2.00110085108669e-18
"PBANKA_082930",464.650368943705,4.79830659674871,0.359090847424038,7.79275388616154,6.55642525612442e-15,1.40572475180533e-13
"PBANKA_082960",221.013431621133,5.08949810582592,0.434727849717662,7.10674070647286,1.1881535227697e-12,2.11011986146825e-11
"PBANKA_082990",139.222227719413,3.36171998317249,0.328847927332336,4.14088054079879,3.45975118027244e-05,0.000284056555237448
"PBANKA_083040",2388.86914239756,9.04631659015278,0.375470012582158,18.7666560684682,1.41517713098857e-78,1.17120059360614e-75
"PBANKA_083070",105.24844049958,3.60843758101881,0.388317166315366,4.142071792192,3.44182563162336e-05,0.000283710646686403
"PBANKA_083100",6270.8927209057,-4.26679344407995,0.666782666724688,-3.39959863566145,0.000674848344205073,0.00482300940988012
"PBANKA_083220",807.463732717754,4.11401283718717,0.402376698094788,5.25381526116399,1.48980319088567e-07,1.66616367672565e-06
"PBANKA_083240",386.641494248639,5.85275931536897,0.402578414717838,9.57020837311735,1.06690424756295e-21,3.56036272291571e-20
"PBANKA_083270",125.53284575686,3.71005858827512,0.394384865502806,4.3360147354918,1.45089221790987e-05,0.000126598588013379
"PBANKA_083290",1643.54223508013,4.66062008483926,0.403477916410092,6.59421489163988,4.27512110964325e-11,6.55201894507547e-10
"PBANKA_083370",81.2424185715794,3.40595393756472,0.382052090617325,3.68000587378794,0.000233228581348322,0.00173579113240892
"PBANKA_083380",315.589083657629,3.32711229641459,0.32098702506205,4.13447333629154,3.55769553649817e-05,0.000290369706706695
"PBANKA_083570",228.8056746751,3.08892385563887,0.340671949389692,3.19640010746308,0.00139154000882047,0.00933256492139241
"PBANKA_090190",1754.34667660763,3.6728017407676,0.522463896203961,3.20175566756208,0.00136592801914054,0.00917566581688886
"PBANKA_090210",1808.04254248146,-4.8446433403621,0.34166773902294,-8.32575925516662,8.37899381956647e-17,2.00417782805584e-15
"PBANKA_090300",896.905206574922,5.55201563081816,0.389542496832382,9.11842907950187,7.62211043128701e-20,2.14559816086161e-18
"PBANKA_090380",1324.65845178038,4.65015431755493,0.505728321441185,5.24027270215504,1.60339472807903e-07,1.77402336491739e-06
"PBANKA_090450",508.654176621809,3.66859186009566,0.335105236348092,4.97930703285818,6.38123409565759e-07,6.58492436105514e-06
"PBANKA_090530",233.478206902543,3.80775140393925,0.370279348185472,4.88212862207414,1.04946762924406e-06,1.04643302405106e-05
"PBANKA_090560",1230.5016893703,3.36284371728916,0.334159972973891,4.07841700835798,4.53433826376672e-05,0.000365752275545159
"PBANKA_090590",1469.51444732242,4.35051919791853,0.500462550565353,4.69669347938871,2.64406776529907e-06,2.53267416963138e-05
"PBANKA_090610",204.356116630454,3.87479448414695,0.451760251052586,4.14997662981359,3.32509221869818e-05,0.000274635361296868
"PBANKA_090680",99.3738206599492,4.19366452820528,0.476614250278142,4.60259953814874,4.17250037542271e-06,3.88246780406407e-05
"PBANKA_090700",472.448123647826,5.45157825030187,0.391763398710462,8.81036427002413,1.24739841826702e-18,3.18625595974624e-17
"PBANKA_090710",819.798652438516,6.92945344427943,0.446596838582662,11.0378153592035,2.51063123154774e-28,1.25168578748729e-26
"PBANKA_090790",1401.11630569664,5.35989193251604,0.566849176775245,5.92731200851375,3.07933555543401e-09,3.99444844150029e-08
"PBANKA_090860",1647.48036674522,7.91590020763259,0.460349381653801,12.8508920472094,8.50240885780552e-38,8.58121167160957e-36
"PBANKA_090890",255.059036949479,3.12161648684002,0.287627074749942,3.89955113862327,9.63711817523246e-05,0.000750672164638918
"PBANKA_090980",746.035324901178,3.65182439633216,0.390384908279683,4.23127114111888,2.32374351292076e-05,0.000195440053993214
"PBANKA_091130",165.492466894206,-3.88928996233846,0.360795010221211,-5.23646366722227,1.6368244546666e-07,1.80618122490943e-06
"PBANKA_091210",1583.02923777703,3.55921682647276,0.357290965022216,4.36399735542099,1.27707121222609e-05,0.000111960183817618
"PBANKA_091250",388.523426151544,4.69145515208457,0.512226480401774,5.25442407814114,1.48488382138941e-07,1.66516239916244e-06
"PBANKA_091490",134.983850950471,3.10905921059382,0.33020243400876,3.35872512243321,0.000783029128914796,0.00554824406755038
"PBANKA_091520",549.197392468523,-3.6150525281926,0.306222712780799,-5.27411083758731,1.33401269706828e-07,1.50823621324277e-06
"PBANKA_091665",418.056491500187,4.74622901713712,0.638709664986553,4.29965157517216,1.7106684306191e-05,0.000146557887492792
"PBANKA_091670",2024.03235501572,9.28476932405436,0.460631048757319,15.8147596513675,2.46147234516541e-56,6.36598285268404e-54
"PBANKA_091700",437.62382295244,4.43621362751978,0.321551020345644,7.57644502232034,3.55152100628309e-14,7.23950439605882e-13
"PBANKA_091780",483.738493888143,3.99206822786606,0.306931084677218,6.49027852607697,8.56778301213514e-11,1.28454659797881e-09
"PBANKA_091990",370.523493881416,3.477320434783,0.388936226866604,3.79836161492276,0.000145655714547324,0.0011038889135473
"PBANKA_092120",4201.66444159854,8.02828934801609,0.574952371490627,10.4848499578967,1.01406490708751e-25,4.46404317609375e-24
"PBANKA_092170",1707.94305857074,3.35586691510091,0.350595802834207,3.8673221531465,0.000110037022834067,0.000847920298859163
"PBANKA_092240",204.111156599003,3.34703748655857,0.303301449180738,4.44124975398936,8.94379155169006e-06,8.04552379149858e-05
"PBANKA_092250",1054.37098987989,4.35369906815809,0.44843420983167,5.24870542111764,1.53171777044429e-07,1.70383014357486e-06
"PBANKA_092290",563.783349461156,2.79435892853345,0.227491406365387,3.49181949870049,0.00047974232562099,0.00347666154714476
"PBANKA_092330",504.863044496649,4.13491271564976,0.286804376751852,7.44379405861344,9.78339774870712e-14,1.94633172519952e-12
"PBANKA_092380",201.938730097775,-4.76697618559054,0.392554872251272,-7.04863544228135,1.80680829500547e-12,3.1282731065827e-11
"PBANKA_092410",276.274470998883,2.92302478467688,0.283542207171653,3.25533469561409,0.00113258806874224,0.00768303184992689
"PBANKA_092470",490.587155123532,4.09481444987445,0.254306609777267,8.23735746274616,1.76055874081363e-16,4.13931367584476e-15
"PBANKA_092550",769.040917633592,3.13839811314934,0.278943823759212,4.08110169928703,4.4822736130612e-05,0.00036225875411811
"PBANKA_092650",588.692383140016,5.03370851207764,0.519325614629237,5.84163081238251,5.16922642620144e-09,6.56142912626428e-08
"PBANKA_092670",2978.55549915538,-3.83798736115538,0.527174263510277,-3.4864891713735,0.000489405196692956,0.0035343083837966
"PBANKA_092730",165.309363173217,4.06561608660731,0.44341341355598,4.65844294163765,3.18610088263414e-06,3.01695319275517e-05
"PBANKA_092760",1241.57739202449,5.28581376072227,0.493766138114371,6.6545951759073,2.84080874926685e-11,4.41927315957377e-10
"PBANKA_092800",346.20082524637,3.60160372222401,0.344932311364376,4.64324062854212,3.42986494390327e-06,3.23297975805734e-05
"PBANKA_092930",533.357590591358,2.99608153761729,0.257027405595286,3.875390390026,0.000106453891279629,0.000824037112225856
"PBANKA_092940",1049.84368059984,5.05286032191589,0.376512705132867,8.10825313541164,5.13526691183387e-16,1.16756782863563e-14
"PBANKA_093010",701.485040289479,2.95398670686886,0.289761482423428,3.29231718063479,0.000993654775393139,0.00683013863883191
"PBANKA_093020",411.609970180284,2.80768927827881,0.247292729824669,3.26612625794321,0.00109029625208721,0.00743269504305912
"PBANKA_093110",1473.99230691909,5.05978633851063,0.480657088517263,6.36584045384516,1.94223243567932e-10,2.79061035376425e-09
"PBANKA_093150",281.13122373352,3.33923005488238,0.382034769442496,3.50551876950028,0.000455718367881343,0.00332585997582539
"PBANKA_093250",1439.84039431307,5.20845571077186,0.518534583476039,6.18754430854682,6.11086737876432e-10,8.48549302460629e-09
"PBANKA_093260",668.643401778063,5.78586390078596,0.388477613371627,9.74538498609524,1.93045744324405e-22,6.71280075642342e-21
"PBANKA_093350",539.742751337962,3.20270823964395,0.331606080781484,3.62691853180005,0.000286823740621371,0.0021270190657549
"PBANKA_093660",799.328608386409,3.30811903136484,0.349743763492085,3.74022117879579,0.000183858396569483,0.00138328371819004
"PBANKA_093670",809.553752997746,4.40503135901787,0.410870931128123,5.85349601738534,4.81345786437875e-09,6.12864265932285e-08
"PBANKA_093750",666.831489902541,3.8700667299709,0.304650245256342,6.13840546360751,8.33538920042868e-10,1.14211392421768e-08
"PBANKA_093800",1237.53894481584,3.93241361465594,0.474707508423018,4.07074583900186,4.68628568390739e-05,0.000376540779805995
"PBANKA_093880",473.595714819678,4.99516322779231,0.34944007257306,8.57132155948165,1.02304143044614e-17,2.55020809589526e-16
"PBANKA_093900",839.703481965118,3.97730041765508,0.422543423977032,4.67952003380973,2.87547262870939e-06,2.74163726672798e-05
"PBANKA_093950",564.940413549765,3.70699791026626,0.345466980396677,4.94113187982895,7.76703482559337e-07,7.91480761912542e-06
"PBANKA_093970",296.299003455938,3.32643711347489,0.294345073106796,4.50640161723932,6.59362354282716e-06,6.04975925060284e-05
"PBANKA_094110",1270.38895717388,3.27901629467534,0.247190657252399,5.17420969259923,2.28877667418133e-07,2.47930834496396e-06
"PBANKA_094280",399.237287046205,3.73742257478448,0.346645151801269,5.01210695074291,5.3837265056521e-07,5.63996462794642e-06
"PBANKA_094340",1284.69691300326,6.30735770179805,0.415029876162051,10.3784280342175,3.10851306883516e-25,1.29929566452928e-23
"PBANKA_094350",234.73012843454,-3.23682655175897,0.343818502509133,-3.59732400302138,0.0003215078970863,0.00237996364605207
"PBANKA_100230",1521.42266022642,-3.75942821614138,0.448311951385326,-3.92456237382158,8.68875453813543e-05,0.000679660988257172
"PBANKA_100300",2891.70633159658,-9.89850233464137,0.598952189935221,-13.1872000259246,1.03975842667231e-39,1.2654471675206e-37
"PBANKA_100520",414.112548779505,-3.94192520772798,0.353186554045467,-5.49829880408752,3.83472738108223e-08,4.58615661934054e-07
"PBANKA_100600",107.513239394961,-3.27721729816408,0.386778642382886,-3.30219189533149,0.000959324153953939,0.00663275547566535
"PBANKA_100620",1559.79102231295,4.89858533876076,0.533339985080002,5.43477972746777,5.48641652788526e-08,6.4496567023833e-07
"PBANKA_100640",1581.63200746635,8.9746901673011,0.606667196896579,11.4967319858075,1.37005068402401e-30,7.87398573679355e-29
"PBANKA_100790",504.145221320337,6.87610804516241,0.396305355902224,12.3039165949739,8.62864562068794e-35,7.00104619184445e-33
"PBANKA_100960",547.754355978481,6.21690344123988,0.421075406668441,10.014603974628,1.31487452102492e-23,4.90175744864966e-22
"PBANKA_100990",896.475035402481,6.75770052061515,0.43954692380955,10.82410150748,2.6466212022928e-27,1.24451346989632e-25
"PBANKA_101060",4755.9336052082,-4.12830421426863,0.513918592310403,-4.14132558368924,3.45304397514251e-05,0.000284056555237448
"PBANKA_101160",496.421138115345,3.78936595809304,0.322364316993191,5.55075690381339,2.84435382516623e-08,3.4617459201582e-07
"PBANKA_101250",1119.49871926739,4.31882691951637,0.347768518629334,6.66773096269784,2.59788440122237e-11,4.08746982975596e-10
"PBANKA_101320",579.465430438263,3.41687956123536,0.28671351737711,4.94179546955841,7.74063963270425e-07,7.90883130867412e-06
"PBANKA_101330",380.562200598317,3.84104563440038,0.276581634984067,6.65642762038933,2.80563199056426e-11,4.3976155973314e-10
"PBANKA_101390",154.243574921169,4.23207104276269,0.41693999586777,5.35345868682404,8.62887433590564e-08,1.00298544949375e-06
"PBANKA_101500",245.21047377719,3.47451473561464,0.295459311119349,4.9905847611586,6.01967781324594e-07,6.22735669780292e-06
"PBANKA_101520",785.650103660504,4.27996954163107,0.31218963811985,7.30315572086921,2.81095533249837e-13,5.38506165086956e-12
"PBANKA_101540",764.603037081313,4.13110674050467,0.344792311895065,6.18084181979458,6.37606791377534e-10,8.79472300906746e-09
"PBANKA_101550",286.785675829455,3.194995373497,0.342277607536687,3.49130456443578,0.000480667979691613,0.00347727989504177
"PBANKA_101700",270.112670150483,6.12580133451169,0.415199124761887,9.93692204162955,2.87575637024785e-23,1.03477216174657e-21
"PBANKA_101900",180.120932342882,7.28146599905823,0.512540764041018,10.3044798962284,6.72544821587827e-25,2.72842203110826e-23
"PBANKA_101910",328.951890877854,3.85891711829939,0.315766700790438,5.88699541036494,3.93279631049178e-09,5.03911197769822e-08
"PBANKA_101920",680.700828383385,4.00387725201316,0.333399777638381,6.01043367877302,1.85027691529547e-09,2.43061773825164e-08
"PBANKA_101980",393.234537808318,3.37009025769882,0.313229540352325,4.37407741350871,1.21947102126872e-05,0.000107365342255531
"PBANKA_102000",679.110580062197,5.63235988135149,0.408910191013632,8.8830260560329,6.50657155742742e-19,1.71491675825699e-17
"PBANKA_102030",373.657095374557,4.71411985588669,0.412982072066511,6.57200406377344,4.96425078164572e-11,7.58009953300737e-10
"PBANKA_102060",718.014591489279,5.87987729985258,0.424775396150097,9.13395016523416,6.60444418435838e-20,1.89786041908854e-18
"PBANKA_102080",539.424814670894,5.00163855663771,0.330398513287927,9.08490333920454,1.03790865416136e-19,2.88246041001324e-18
"PBANKA_102110",640.768405876655,4.53449260332017,0.414731430397025,6.11116596804319,9.89058394721894e-10,1.34187660241285e-08
"PBANKA_102120",147.359717317245,3.54606434171849,0.404477633249929,3.82237289438244,0.00013217361233336,0.00101096933056459
"PBANKA_102310",454.971220003837,5.09846051629468,0.450388871648387,6.87952281093129,6.00533817205009e-12,9.97995556463586e-11
"PBANKA_102440",4589.40010228842,7.77405279578513,0.423987067184886,13.618464436009,3.11038994012767e-42,4.59671199008868e-40
"PBANKA_102460",1824.63503085462,-8.62938961026219,0.559889449377062,-11.8405331938977,2.4091644234861e-32,1.60792296522346e-30
"PBANKA_102570",1222.60266269076,8.66340980551058,0.500370887279177,13.3169414426639,1.84512894729536e-40,2.4629495431962e-38
"PBANKA_102600",132.285972044149,4.7679791552423,0.415907552851327,6.65527503952726,2.82770757584752e-11,4.41549205617246e-10
"PBANKA_102700",462.770485790774,3.2605803091688,0.378507479813713,3.3303973538098,0.00086722131200213,0.00608230811705901
"PBANKA_102770",244.275557791199,4.21298460057678,0.3033901239006,7.29418799836024,3.00465643949671e-13,5.72961674960248e-12
"PBANKA_102790",352.937765728977,3.21642712468717,0.246865009787089,4.92749914512507,8.32887878794124e-07,8.42662602066035e-06
"PBANKA_102860",176.854804695179,3.48451184655279,0.285324083974817,5.20289709116816,1.96205529821893e-07,2.14221235462532e-06
"PBANKA_102870",673.775615542783,5.09406750234841,0.317054348829408,9.75879218743404,1.69157741133353e-22,5.93198926110012e-21
"PBANKA_102890",586.086308260093,3.71911809523293,0.360064210468938,4.77447645516894,1.80175360143865e-06,1.75840952895122e-05
"PBANKA_102990",192.080301971932,-3.19024032224245,0.284708522982787,-4.18055739874853,2.9079539410856e-05,0.000242603092907504
"PBANKA_103000",186.341407939638,-4.79044105335797,0.389618357306029,-7.1619855713477,7.95167932296479e-13,1.4431600455451e-11
"PBANKA_103050",159.914855112774,-3.81953544719469,0.286847414470495,-6.34321717890835,2.25015865793458e-10,3.22185346938868e-09
"PBANKA_103240",122.366230764435,3.6958883631107,0.344166652833258,4.92752086569039,8.32795323957113e-07,8.42662602066035e-06
"PBANKA_103450",1689.6788218743,8.56200792529181,0.572329102569388,11.465445136081,1.96745345695583e-30,1.11524964450455e-28
"PBANKA_103520",296.821683765812,4.53417324136805,0.470822095635843,5.38244331533689,7.34815206650078e-08,8.56525443695218e-07
"PBANKA_103540",1352.39370893644,4.41394566262682,0.512582302746423,4.70938159529283,2.48469504350934e-06,2.39108560233527e-05
"PBANKA_103620",447.41794419218,5.55016031998209,0.34053272258605,10.4253132944808,1.90032020369206e-25,8.10672680709044e-24
"PBANKA_103720",279.683126179671,3.03557955230211,0.309767478946619,3.34308674307468,0.000828519968349648,0.00584057177006958
"PBANKA_103780",22296.8903958969,12.6848967226903,0.515794823458422,20.7154012346377,2.51600920043391e-95,5.20562303569776e-92
"PBANKA_103880",159.01764580215,6.16496240325045,0.373877959819148,11.1398981776436,8.02110011662881e-29,4.06910321457683e-27
"PBANKA_103980",95.8678142375118,-3.98212952279861,0.359290992097874,-5.51678045482048,3.45266311772936e-08,4.14119419743887e-07
"PBANKA_103990",126.861024180799,-3.67423777272646,0.415421377418016,-4.03021573692816,5.57256836201403e-05,0.000442784103080733
"PBANKA_104010",517.980673120148,4.93165508556623,0.457600032974043,6.40658844911518,1.488117950968e-10,2.15308814024671e-09
"PBANKA_110290",459.860295248087,3.58269281451625,0.361821199170009,4.37424014443274,1.21856178981674e-05,0.000107365342255531
"PBANKA_110330",687.474209830695,5.32382895853034,0.443488437150018,7.4947364578211,6.64317051630068e-14,1.33443881536176e-12
"PBANKA_110350",232.335223533854,-3.37932124542646,0.279067104621185,-4.9426149574268,7.70816260228688e-07,7.89514278422355e-06
"PBANKA_110390",911.653841268304,7.50761297312473,0.363647976221482,15.1454520120037,8.11944581717688e-52,1.76832983113042e-49
"PBANKA_110420",662.382627329939,4.45623348278046,0.361442768176716,6.79563598732612,1.07835743761782e-11,1.74989924582844e-10
"PBANKA_110500",211.167673856547,-3.91126249640726,0.324599604238051,-5.88806169648193,3.90751256957807e-09,5.0371610632131e-08
"PBANKA_110600",367.39523864442,4.44002805918029,0.345082554577949,7.07085312430396,1.53984054874346e-12,2.68854860367107e-11
"PBANKA_110650",801.811647188742,4.35436296683377,0.444440532578697,5.2973633011676,1.1748679734964e-07,1.34670461892745e-06
"PBANKA_110690",1253.89879451362,8.13846618287411,0.563472496533173,10.893994330942,1.23119187929575e-27,5.99373176061861e-26
"PBANKA_110760",2770.39948426164,5.36045741290647,0.417962512990972,8.04009285153056,8.97704229421931e-16,1.99715059212255e-14
"PBANKA_110770",1262.14611834883,3.16315424795556,0.345387265516108,3.36768133653531,0.000758031574134636,0.00538957844290227
"PBANKA_110910",126.811818978097,3.30156500904806,0.36621415556321,3.5541089531243,0.000379262058935749,0.00279748021368294
"PBANKA_110930",625.949380418023,4.51449075285298,0.379148586969525,6.63194019250054,3.31302827489538e-11,5.11541455280488e-10
"PBANKA_110990",995.802204319037,7.90395034417256,0.422824223043636,13.9631317753601,2.61677588505034e-44,4.16469946628397e-42
"PBANKA_111000",439.27480614773,5.42293978594656,0.398958867395875,8.57968092873614,9.51366674401513e-18,2.38591230222634e-16
"PBANKA_111020",419.333166235184,6.28559712880225,0.449800117290021,9.52778126120184,1.60680558637179e-21,5.23540276882399e-20
"PBANKA_111270",86.2516277099258,3.93872434319054,0.416389766941642,4.65603263363159,3.22360860535603e-06,3.04550054999161e-05
"PBANKA_111340",519.987684827048,4.69853668288166,0.384239033179549,7.02306754353267,2.17049216690591e-12,3.69608913031139e-11
"PBANKA_111360",153.620585091043,3.24908010883213,0.303306145990802,4.11821562254134,3.81817361703542e-05,0.000310404762815178
"PBANKA_111370",502.391965024664,6.0030176168106,0.355889597737502,11.2479196982969,2.37118692335048e-29,1.29104888010846e-27
"PBANKA_111410",411.73258526212,4.37151164071472,0.537208957061459,4.41450502554336,1.01241364302096e-05,9.08756541175867e-05
"PBANKA_111420",331.018263250561,3.48734345964435,0.312821164361931,4.75461263203889,1.988272718039e-06,1.92989371304044e-05
"PBANKA_111500",1171.35061094414,7.4253984687839,0.458059398059092,11.8443120952711,2.30300300509538e-32,1.5622666287024e-30
"PBANKA_111530",2623.44430334027,4.97428962753291,0.646373722926422,4.60150145656754,4.19456223858592e-06,3.8917261307777e-05
"PBANKA_111560",196.94801462071,3.75895655009708,0.298788053116976,5.88697082010987,3.93338126823713e-09,5.03911197769822e-08
"PBANKA_111570",1000.55045201878,4.10285208431169,0.309506380291319,6.79421239178465,1.0890584339953e-11,1.76036085932522e-10
"PBANKA_111690",579.251759069733,4.32564278130286,0.364594049739074,6.37871842112409,1.78576021132928e-10,2.57473022804201e-09
"PBANKA_111730",924.33691699954,5.20702548892917,0.342273233437456,9.36978172882803,7.26826780998921e-21,2.24448449236831e-19
"PBANKA_111850",935.40936646168,3.38426955733751,0.319771383551661,4.32893507218376,1.49832094863768e-05,0.000129437413057677
"PBANKA_111920",7574.28844357884,10.3592122959478,0.488197091116664,17.1226179919007,1.00645448531758e-65,4.62745406693794e-63
"PBANKA_112040",1708.74774643283,7.04715069706407,0.496124380700625,10.1731559532239,2.61302324691265e-24,1.02978001864043e-22
"PBANKA_112100",524.172987945575,4.39171212542102,0.403966818502296,5.92056578876523,3.20835916502654e-09,4.14880944527494e-08
"PBANKA_112140",223.403907209621,3.0252746209828,0.272968001500113,3.75602493826506,0.000172633498726409,0.00130119748220379
"PBANKA_112310",175.380460562165,4.18073008356659,0.286711990558587,7.60599540785852,2.82719328109144e-14,5.79154742433484e-13
"PBANKA_112320",355.948545961233,6.07862887357258,0.394090873984631,10.3494628848768,4.20840096735097e-25,1.74143632028983e-23
"PBANKA_112330",843.048740655902,3.48931056033794,0.313256186673371,4.75428937622493,1.99145629644337e-06,1.92989371304044e-05
"PBANKA_112400",276.277895108382,4.26391568482745,0.390517289694997,5.79722266995045,6.7422145943663e-09,8.50587926569748e-08
"PBANKA_112460",168.188095536515,3.16379803662696,0.338855797340083,3.43449350951771,0.000593662288698139,0.00425012898033374
"PBANKA_112470",2125.42489260936,9.13021269279162,0.535086416572429,13.3253479661569,1.64862317985402e-40,2.27400090607865e-38
"PBANKA_112720",97.8721106295569,-3.41865424668277,0.42656388968689,-3.32577201441994,0.000881740176820711,0.00616324468189882
"PBANKA_112740",122.671015312714,-4.07872350679526,0.331222820726521,-6.27590666076593,3.47602677127043e-10,4.9091463411321e-09
"PBANKA_112760",58.0676567666244,-3.51435068193077,0.314662467600611,-4.81261935520342,1.48964851740578e-06,1.46417234323637e-05
"PBANKA_112790",219.518068626774,-3.14482809524239,0.253222159633816,-4.52104230094999,6.1535888921547e-06,5.67116945116618e-05
"PBANKA_112880",667.015210143322,6.28144433591223,0.348868338300331,12.272378619313,1.27453241559153e-34,1.01423367994572e-32
"PBANKA_112890",640.666981146419,5.5203237511212,0.44146829469274,7.97412587368552,1.53463073610208e-15,3.39588341496813e-14
"PBANKA_112900",1328.35633916723,6.68696745008249,0.461969028172857,10.1456313394428,3.46530421610469e-24,1.35277630624917e-22
"PBANKA_112910",507.968297882648,-2.99123484695713,0.283453213809151,-3.4969963248486,0.000470528314497774,0.00342789817850667
"PBANKA_112980",422.248891665557,4.84426395964849,0.400739264056074,7.09754250397211,1.26994756785565e-12,2.23745851045365e-11
"PBANKA_113010",340.390873283975,3.63805466712957,0.402009983833732,4.0746616576743,4.60812939082956e-05,0.000370981311658613
"PBANKA_113110",340.597377640608,4.17776366705619,0.303020828290509,7.18684480978432,6.63057022577688e-13,1.21403980505596e-11
"PBANKA_113130",381.292232500489,5.17398578216722,0.46395269836202,6.84118401158769,7.85412901673991e-12,1.284600232066e-10
"PBANKA_113140",549.983114389198,4.45241131848811,0.30853357999252,7.94860422825796,1.88624603527535e-15,4.1297810021002e-14
"PBANKA_113150",392.361971901741,3.3142373633574,0.260842856388602,5.03842574626412,4.69376447285336e-07,4.95479525221102e-06
"PBANKA_113190",533.352134952278,2.89413737240901,0.27297431667281,3.27553662669568,0.00105461438307843,0.00721321374740255
"PBANKA_113230",582.554458827775,4.91093036152827,0.496784793075623,5.85953999015658,4.64151106177852e-09,5.92795455976529e-08
"PBANKA_113280",87.8209394521597,5.24364287378085,0.457014346076246,7.09746401098686,1.27066880124845e-12,2.23745851045365e-11
"PBANKA_113320",392.563028012265,4.67148708053581,0.34494003291191,7.74478699379625,9.57422108399525e-15,2.02133300232512e-13
"PBANKA_113490",2571.84669837315,6.67672490716262,0.529034085480486,8.84012020305849,9.56156771261658e-19,2.48775777951208e-17
"PBANKA_113810",1672.54145562276,7.42530758291013,0.443542413780707,12.2317672771481,2.10312513797455e-34,1.64202487187523e-32
"PBANKA_113820",542.939738232085,3.78096620786172,0.31305588015967,5.68897222742906,1.27806250647306e-08,1.59295863005589e-07
"PBANKA_113860",451.838953652304,6.07442857103755,0.458247365630609,8.8913300471037,6.03817332860433e-19,1.60166418165158e-17
"PBANKA_113890",600.939862529994,4.17531631980965,0.576768561460044,3.77155841210036,0.000162231169969589,0.0012272624887279
"PBANKA_113960",37.0616961956276,-3.61299315112218,0.403486687244776,-3.99763660639355,6.39780696218375e-05,0.000504269051609836
"PBANKA_114140",306.066049018587,3.83169302591994,0.260765979762077,7.02427911643681,2.15174282539358e-12,3.67930240143746e-11
"PBANKA_114160",332.662652272506,4.12295392637305,0.330736831397283,6.41886153835387,1.37297211556616e-10,2.00754721350275e-09
"PBANKA_114190",488.531636721563,7.54238232825908,0.445688858711961,12.4355415665461,1.676010183799e-35,1.44486044595005e-33
"PBANKA_114340",393.191513257901,4.18958821523575,0.366392653939652,5.97607018506543,2.28584551083769e-09,2.98385764159191e-08
"PBANKA_114370",3353.70787448307,8.93199851165183,0.498101404731473,13.9168419237622,5.00536446598633e-44,7.67118450379683e-42
"PBANKA_114380",1340.42228333911,7.63729475161576,0.34293169704762,16.4385351373132,1.01338906950516e-60,2.99528854972311e-58
"PBANKA_114520",257.935527238495,5.55869433990173,0.50969527922727,6.98200372837851,2.90999404885419e-12,4.89494120900757e-11
"PBANKA_114560",572.081886224823,-4.30394087969571,0.260643038574783,-8.83944912664405,9.61916976128404e-19,2.48775777951208e-17
"PBANKA_120070",401.018078307537,5.25832758590641,0.410322885178931,7.94088680792333,2.00740805707113e-15,4.37192344218966e-14
"PBANKA_120200",7117.10669231779,7.6072670522645,0.592604161123139,9.46207843299187,3.01881997841974e-21,9.68362563620223e-20
"PBANKA_120420",2298.20464743593,5.89984639770579,0.46591730926153,8.37025437815774,5.74939841916474e-17,1.39128717301191e-15
"PBANKA_120450",260.767905128576,6.77915395861028,0.401156042579847,11.9134537470142,1.00717309553597e-32,6.94613711554638e-31
"PBANKA_120460",210.912165758445,3.85295140662957,0.385576554893195,4.80566409734856,1.54238669546103e-06,1.51241614829804e-05
"PBANKA_120510",691.889812147485,4.22094781467195,0.38468890441636,5.77336073168401,7.77058355273079e-09,9.7734573681459e-08
"PBANKA_120520",413.429573078369,3.12781377329898,0.349429240985736,3.22758842424701,0.00124838450625522,0.00844087432497399
"PBANKA_120530",258.463733396041,3.43759714441535,0.276187041798114,5.20515783454532,1.93831788019519e-07,2.12189401805494e-06
"PBANKA_120630",14346.9090901721,-4.25696917928222,0.558575016337777,-4.04058383076233,5.33183015788214e-05,0.000425928826125797
"PBANKA_120800",116.127160036239,3.73940096815994,0.418963369778455,4.15167791179386,3.30046543481364e-05,0.000273146519385177
"PBANKA_120890",284.288408020003,6.0051020630596,0.44662812622362,8.96742015986318,3.03540379789657e-19,8.20947772267712e-18
"PBANKA_120940",1016.27628401707,8.99298995837501,0.400809143452063,17.4471817138358,3.61641574669614e-68,2.13781833711837e-65
"PBANKA_120970",215.269327598474,3.54735487248172,0.341997836190037,4.52445807762919,6.05504530840751e-06,5.59280747459604e-05
"PBANKA_120990",2777.76619701784,7.03190518531215,0.42603574383175,11.8109929933469,3.42492246343764e-32,2.2144264302664e-30
"PBANKA_121090",334.713517522023,3.09194624416748,0.264099627284391,4.13459971676386,3.55573840539499e-05,0.000290369706706695
"PBANKA_121180",277.79612873663,-3.77417791250388,0.444123260138472,-3.99478719477723,6.47523871363173e-05,0.000509401859258709
"PBANKA_121370",653.403569584684,3.63751980336424,0.309510260798598,5.29068018339396,1.21862298267511e-07,1.39300052549989e-06
"PBANKA_121440",366.885732838056,4.19736830113162,0.400371182226228,5.48832782847495,4.05756494439813e-08,4.8386754293716e-07
"PBANKA_121830",453.320962499952,5.41733484564411,0.407796210710572,8.38000637546266,5.29248363937353e-17,1.28825278233692e-15
"PBANKA_121980",309.929497617955,-2.86620905422291,0.265252328891077,-3.26560395471065,0.00109230903769141,0.00743416907560369
"PBANKA_122100",220.215679793393,-3.89980778284718,0.346704201417265,-5.47962146141033,4.26236760143533e-08,5.06829802722397e-07
"PBANKA_122150",1196.14283181951,6.3208460394967,0.356803088332177,12.1098896864762,9.36199850990804e-34,7.04362724254536e-32
"PBANKA_122250",1418.01847682183,6.20208032124175,0.446634766164138,9.40831444298604,5.04156580511063e-21,1.5804544925415e-19
"PBANKA_122260",376.393588242035,3.50206232982557,0.271781641030675,5.52672477849978,3.2626416941701e-08,3.93609659780638e-07
"PBANKA_122380",1414.28968433222,3.30681272311731,0.290758199048776,4.4944999913763,6.97336062979004e-06,6.38401908983876e-05
"PBANKA_122460",506.046375760077,4.49843049679212,0.326056446837603,7.66257045681573,1.82248090306206e-14,3.77071298843539e-13
"PBANKA_122540",5972.72456083225,5.70435593709216,0.777724255901253,4.76307111290933,1.90668609279999e-06,1.85643930635443e-05
"PBANKA_122550",722.338798569124,7.27683461861822,0.523445663899775,10.0809596535861,6.70678497385405e-24,2.54611708456955e-22
"PBANKA_122570",837.330216927264,4.67296763615584,0.347753868297126,7.68637786617522,1.51359038972769e-14,3.14735529281064e-13
"PBANKA_122680",596.645710157389,3.76300682798871,0.274911923822242,6.41298785253369,1.42694894169758e-10,2.07912490167063e-09
"PBANKA_122890",8079.59275440884,10.7203135813116,0.528954057318948,16.4859565035029,4.62910430707334e-61,1.47347950943611e-58
"PBANKA_122990",622.794150575618,4.30772471379089,0.413282886234864,5.58388646288981,2.35202284351014e-08,2.88803279716468e-07
"PBANKA_123130",1029.67717460429,5.71656392318785,0.461040553009999,8.06125165980193,7.55171806210285e-16,1.68913564005306e-14
"PBANKA_123200",391.001424574999,6.22045984497846,0.440399537385967,9.58325222144737,9.4036232697023e-22,3.16359293414863e-20
"PBANKA_123230",125.822994756251,3.68365957345224,0.364439581957629,4.61985924911962,3.84000452293984e-06,3.59500875925906e-05
"PBANKA_123280",516.789170873431,4.17928179364089,0.305532049727006,7.1327436698968,9.83876840350709e-13,1.77012276755271e-11
"PBANKA_123320",692.598966873294,7.62549115907819,0.339253893792377,16.5819501618484,9.41241605131275e-62,3.24571480169435e-59
"PBANKA_123360",662.751843685974,7.19106606649797,0.496768462945734,10.4496691189212,1.47037312927293e-25,6.33792084263686e-24
"PBANKA_123370",2954.95212245133,7.51742744698053,0.624678829178285,8.83242266147912,1.02432544983699e-18,2.63270727417731e-17
"PBANKA_123460",751.321997666369,4.37375698201537,0.311528954886865,7.61969937233418,2.54267199935009e-14,5.23461529020431e-13
"PBANKA_123760",434.850938369882,3.86575505630166,0.331773938028566,5.62357329025952,1.87047351516227e-08,2.31045355395268e-07
"PBANKA_123900",1315.61578744812,5.73533543590862,0.399429048943744,9.35168697866717,8.62607333328134e-21,2.6440512187495e-19
"PBANKA_124010",714.119978923849,4.97221475544485,0.401370286142447,7.4051688878384,1.3098366393142e-13,2.58100191118198e-12
"PBANKA_124030",162.180882486201,-2.94967334279989,0.283418710771893,-3.35077857144098,0.000805847111311411,0.00570016298565234
"PBANKA_124060",3682.09545780271,6.01736633524267,0.59302286317095,6.77438693301204,1.24934895176441e-11,2.00380076062059e-10
"PBANKA_124290",204.280719346177,3.13426666621176,0.350978350519626,3.2317282947295,0.00123043991755618,0.00833315937618248
"PBANKA_124300",302.255826304429,4.65030217860979,0.413317284750178,6.41227037047754,1.43368279163722e-10,2.08160680413853e-09
"PBANKA_124310",237.388398332505,3.14442296067004,0.349144840411672,3.27778855136642,0.00104623736190905,0.00717965207890488
"PBANKA_124320",1037.92959006172,4.05642455716262,0.440261498294715,4.67091618305908,2.99859284203863e-06,2.85245452421974e-05
"PBANKA_124350",420.273500968973,6.05004301905842,0.39326643245033,10.29847117595,7.15899806841605e-25,2.87611009777725e-23
"PBANKA_124520",667.977662972881,4.33267421790186,0.413995604080759,5.63453861564873,1.75527628344882e-08,2.17465067691953e-07
"PBANKA_130070",805.290212007464,4.77197455115823,0.442261861590353,6.26772234257401,3.66367290165905e-10,5.15655730172284e-09
"PBANKA_130110",159.639382203068,-3.00680941705958,0.312549322615131,-3.2212817120687,0.00127618637492087,0.00861477849824236
"PBANKA_130120",36.7845189929281,-4.42955968561365,0.389311670327768,-6.24065464970048,4.35743341167293e-10,6.09157414104817e-09
"PBANKA_130200",445.297367992379,-3.78127711440546,0.378946513856437,-4.70060298557145,2.59394395794241e-06,2.49042693688299e-05
"PBANKA_130210",56.8233832589578,-3.90849106161481,0.422887813474977,-4.5129961204894,6.39181917316336e-06,5.87763283078889e-05
"PBANKA_130390",696.338480371823,3.3585990102366,0.348661637586783,3.89661168243218,9.75478351323554e-05,0.000757322592453446
"PBANKA_130480",85.0169296590402,-3.27691278159336,0.376849317309594,-3.38839085794159,0.000703040021077583,0.00501582690899835
"PBANKA_130490",160.122722209045,-3.13032486033486,0.271774052924469,-4.15906098529942,3.19558579055479e-05,0.000264996673373061
"PBANKA_130550",290.567116619821,3.64049107814682,0.372410995857157,4.40505542638719,1.05756833728518e-05,9.47233285646337e-05
"PBANKA_130670",46.8514535611448,-3.4818897052748,0.445554969272083,-3.3259413708163,0.000881204619504606,0.00616324468189882
"PBANKA_130730",226.822457860946,-3.58044092363304,0.360225179042191,-4.38736938887866,1.14729847285592e-05,0.000102097227541458
"PBANKA_130970",1132.43232203613,3.64174970802924,0.420230938343067,3.90677972093753,9.35343505237398e-05,0.000730273853711765
"PBANKA_131070",1496.9704945142,3.28877156215202,0.300858179200553,4.28365140537834,1.83850887769096e-05,0.000156538060409161
"PBANKA_131130",1101.73774696237,8.49193744453085,0.488297855375159,13.2950357513717,2.47354972479989e-40,3.19860898788185e-38
"PBANKA_131140",277.441806628021,4.89389366122285,0.47496146269777,6.09290203206299,1.10881926188004e-09,1.49455834060574e-08
"PBANKA_131230",773.344617705557,5.41876450134558,0.329062732246231,10.3894004587168,2.77089357051478e-25,1.16999567293777e-23
"PBANKA_131270",8202.96198669272,7.62503671106741,0.609900002468572,9.22288356828998,2.89215796897071e-20,8.48776572737646e-19
"PBANKA_131280",882.609162222459,3.86062811102279,0.344246025259007,5.40493709294936,6.48311422541921e-08,7.59975259625628e-07
"PBANKA_131320",395.247934773071,4.76119453600315,0.352603259105802,7.83088205992626,4.84458974869102e-15,1.04621297774978e-13
"PBANKA_131410",61188.4946752887,-4.83275626965057,0.653361902859597,-4.33566183955986,1.4532220712024e-05,0.000126598588013379
"PBANKA_131530",1125.63552647924,6.98107095347441,0.545767759543203,9.12672261484165,7.06043316236482e-20,2.00110085108669e-18
"PBANKA_131670",164.616827825329,-4.50969526009862,0.320497270888879,-7.83062911312204,4.85434731097045e-15,1.04621297774978e-13
"PBANKA_131720",1100.94442316348,6.19550551223437,0.484571467138809,8.65817695995818,4.79368945236122e-18,1.20952969230919e-16
"PBANKA_131850",323.785320322574,7.54224401986541,0.547796675891809,10.1173378075774,4.62833228793111e-24,1.78991018761298e-22
"PBANKA_131860",3313.08738299683,9.27174760024214,0.562103424287415,12.9366719469119,2.79476237740078e-38,2.89118167942111e-36
"PBANKA_131950",1891.17633020289,6.10245488604765,0.576673839663499,7.11399512841006,1.12731131995556e-12,2.01069579395521e-11
"PBANKA_131990",118.209621398054,-3.49330490503454,0.368830806632023,-4.04875319030602,5.1491209872588e-05,0.000412128871281952
"PBANKA_132030",116.233093325527,-3.22333360807603,0.375690370469763,-3.25622827794701,0.00112902938443905,0.00767146731167288
"PBANKA_132080",1387.28804357798,7.2985906667728,0.409489997864285,12.9394873975137,2.69421121711424e-38,2.85862718369711e-36
"PBANKA_132430",419.924392558272,4.55731689202183,0.463199797679348,5.52098015766438,3.37113851132018e-08,4.05516603483805e-07
"PBANKA_132520",162.74027568144,4.55208748443725,0.503851604903275,5.06515700178663,4.08063895109981e-07,4.32966255888488e-06
"PBANKA_132540",131.457879813703,4.61421654400502,0.463831578909198,5.63613316314711,1.73910919897844e-08,2.1610912508627e-07
"PBANKA_132560",328.932248017913,-3.34123844098632,0.327032152314022,-4.10124335327875,4.10936111410372e-05,0.000332769790414113
"PBANKA_132810",467.063308598888,4.00596905890266,0.292822911414822,6.85045117955589,7.36174327810354e-12,1.20884498749176e-10
"PBANKA_132860",69.6040903686695,-4.00505356925082,0.385912235374371,-5.19562062422231,2.04037982758356e-07,2.22186624382652e-06
"PBANKA_132910",712.984960103967,5.78266925394094,0.517730148111381,7.30625648851951,2.74687612701509e-13,5.2867783319016e-12
"PBANKA_132940",410.751524656194,4.99489836746476,0.492273167666405,6.08381395569846,1.17356774921426e-09,1.57159331593806e-08
"PBANKA_132990",460.108689561261,5.77332886683753,0.38566408708191,9.78397780148021,1.31921520273342e-22,4.66573718710334e-21
"PBANKA_133070",475.687020529265,4.46926844063966,0.247719453182587,9.96800375955794,2.10415329908102e-23,7.70529765628077e-22
"PBANKA_133370",879.109367923652,6.21609621797022,0.443041720155512,9.51625101241105,1.79539467608159e-21,5.80417435127003e-20
"PBANKA_133400",290.503808824375,-2.90348546010656,0.236889429469436,-3.81395430826147,0.000136760763978992,0.00104412553753703
"PBANKA_133430",1903.82711824545,-4.04549201130743,0.485404399387599,-4.21399561662006,2.50892156328605e-05,0.000210160271839629
"PBANKA_133470",452.381717913149,5.84231310795541,0.499157641264598,7.69759448782763,1.38651558455688e-14,2.89767751964464e-13
"PBANKA_133570",135.763289262845,4.45953682776224,0.383150204492168,6.41924968048012,1.36947639799032e-10,2.00754721350275e-09
"PBANKA_133660",1591.61237056212,7.4624628597805,0.50940943628055,10.7231285302931,7.92755888391423e-27,3.64491540684857e-25
"PBANKA_133680",519.139529731388,5.2576747292144,0.503169030092001,6.47431486118841,9.52431111875593e-11,1.41260212936961e-09
"PBANKA_133730",109.448199270363,3.05072266396964,0.275544451924261,3.81326009880412,0.000137145646433069,0.00104513569970542
"PBANKA_133810",731.88225907002,5.17735395260537,0.428918458150195,7.40782750714065,1.28385136847073e-13,2.54190285298177e-12
"PBANKA_133890",1666.61645655786,4.39672934716917,0.604616561334855,3.96404845722012,7.36892843351108e-05,0.000577511853368728
"PBANKA_134020",165.379863608536,4.71832890565232,0.417097714578612,6.51724718366921,7.16093703654751e-11,1.07752572571759e-09
"PBANKA_134030",276.251304242037,-3.63659923121302,0.423810313163092,-3.86163144308199,0.000112632388189079,0.000864699113778128
"PBANKA_134050",666.501299255348,-3.35669083005802,0.258327540875674,-5.2518241975251,1.50600171484011e-07,1.67973991806155e-06
"PBANKA_134090",547.028606239698,-3.55097395882637,0.294614263160501,-5.26442251026192,1.40630698534734e-07,1.58563986522269e-06
"PBANKA_134190",230.079850170534,2.90079786692445,0.274898039883384,3.27684354281532,0.00104974520992922,0.00719179748127008
"PBANKA_134200",1436.73771319327,5.67120191824419,0.328469702585443,11.1766835399049,5.30350579252752e-29,2.77796290752897e-27
"PBANKA_134230.2",119.69476230801,5.18632280304707,0.432724328513019,7.36340111496922,1.79282615897922e-13,3.49939370087547e-12
"PBANKA_134250",3683.61142189099,4.92166884227075,0.526229052645177,5.55208578390816,2.82281001227913e-08,3.4456601270829e-07
"PBANKA_134260",370.698569809565,-3.10864718037963,0.312241781817698,-3.55060483554026,0.000384347027503867,0.00282994306016192
"PBANKA_134380",595.223055634533,4.55597381937828,0.328156794127142,7.7888797828394,6.7605891627272e-15,1.44202669873016e-13
"PBANKA_134450",2694.02961191755,-4.19070091225364,0.633551336289843,-3.45781120924259,0.000544582860224013,0.00391229839515098
"PBANKA_134470",250.26922406718,4.89635682881628,0.580344121522796,4.99075758916343,6.01429373261636e-07,6.22735669780292e-06
"PBANKA_134500",554.234879888354,3.99132356528301,0.316444315732995,6.2928087700688,3.11772333853414e-10,4.41819834755283e-09
"PBANKA_134540",695.221403431555,3.65357034631787,0.35770705032541,4.62269431036821,3.78787715920807e-06,3.55424845460385e-05
"PBANKA_134550",627.346375046429,3.78226186217828,0.286882434095886,6.21251652369414,5.21426952906044e-10,7.26486441456300e-09
"PBANKA_134570",243.243986101612,2.86766780827823,0.261483698854603,3.31824818173731,0.000905839595636348,0.0062997718432659
"PBANKA_134590",391.618912604743,4.61798038867155,0.441348819787289,5.93177158587011,2.99683344890062e-09,3.89965308539332e-08
"PBANKA_134720",1149.67814541343,4.64878543377278,0.277506462683801,9.54495044243666,1.36172692718896e-21,4.50786081976634e-20
"PBANKA_134750",232.497128457614,3.60154850431247,0.288648584034335,5.54843707157062,2.88234590011697e-08,3.49769716559649e-07
"PBANKA_134780",617.80099510914,3.11247003990452,0.328780410129809,3.38362629167989,0.000715352992547282,0.00509488929976016
"PBANKA_134850",335.378159111779,3.15440255116242,0.296061151565114,3.89920307024316,9.65098094702524e-05,0.000750672164638918
"PBANKA_134870",162.034117414443,2.87802870378518,0.26317352769195,3.33631088007048,0.000848981692238195,0.00597463646680553
"PBANKA_135170",807.967494405554,3.4731530318536,0.278518860992143,5.28923975419804,1.22825805219568e-07,1.40014650688311e-06
"PBANKA_135210",696.405976213357,3.34251688737309,0.306139188567354,4.38531536473881,1.1581786057896e-05,0.000102404766469174
"PBANKA_135250",1580.10870222204,4.55513254148501,0.420316378021926,6.07906966059675,1.20881839550361e-09,1.61357758728837e-08
"PBANKA_135280",425.694550049302,3.52699353421795,0.348145649869698,4.38607673193524,1.15413421828227e-05,0.000102265682981842
"PBANKA_135310",1255.77234810951,3.97038424579102,0.36016685250654,5.47075399104153,4.48124977769799e-08,5.29811759431837e-07
"PBANKA_135340",2950.3161329204,8.32597190936857,0.409601949468777,15.4441938510617,8.25533186243366e-54,1.89780906926392e-51
"PBANKA_135350",440.687767564374,5.94751138118501,0.362978356239539,10.8753354389537,1.51098981651394e-27,7.27032076829613e-26
"PBANKA_135460",458.471718065234,6.56948873583842,0.555821020821515,8.22115135027572,2.01558706144134e-16,4.71214647471426e-15
"PBANKA_135490",1560.89669549875,8.09884606889819,0.42856638048903,14.2308084501143,5.89957767557236e-46,1.06141097484863e-43
"PBANKA_135570",5394.75932573942,5.59154838210166,0.554730361886131,6.47440383448651,9.51870105981573e-11,1.41260212936961e-09
"PBANKA_135590",925.451024229125,4.0109634687939,0.36725060186994,5.47572545437535,4.35722803312846e-08,5.16624916936549e-07
"PBANKA_135700",128.017267275001,-3.73549386471426,0.350113045624461,-4.95695286537765,7.16073395169497e-07,7.37092464977954e-06
"PBANKA_135740",73.0177753453776,-3.6337253830038,0.354003552632121,-4.61499714016024,3.93100729250662e-06,3.67189800821499e-05
"PBANKA_135750",188.897178520293,-4.21959253872536,0.316805605563465,-7.00616560990969,2.44937971577895e-12,4.1539070753661e-11
"PBANKA_135850",310.821301875107,4.70515839706273,0.472967587905822,5.71954287404866,1.06811021239293e-08,1.3352991114447e-07
"PBANKA_135990",132.826026367475,-3.25694412141573,0.391670949378768,-3.20918394231019,0.0013311230368239,0.00895640183150777
"PBANKA_136040",397.82088197782,5.00704127637862,0.415744591086982,7.23290534824899,4.72768918269583e-13,8.85211666877618e-12
"PBANKA_136100",544.191297648208,3.98577704077948,0.325884677498069,6.09349619020135,1.10470965430719e-09,1.49388514690299e-08
"PBANKA_136130",208.886152748816,3.1007296971284,0.247214718919298,4.45252492222246,8.48663862746852e-06,7.65091735086378e-05
"PBANKA_136200",1095.16560149341,4.82154253297246,0.287547419140496,9.81244255784418,9.95296934891664e-23,3.5504644108463e-21
"PBANKA_136250",627.510351360855,4.68089826224089,0.381046155435205,7.03562606261952,1.98368275920582e-12,3.42019969066403e-11
"PBANKA_136270",578.197807780164,5.12887874891792,0.346118934652078,9.039894775081,1.56822702090393e-19,4.32621560833364e-18
"PBANKA_136360",528.543772116993,6.61818049669834,0.548358394738379,8.42182875471738,3.70652567226128e-17,9.09858108993331e-16
"PBANKA_136400",813.713953863246,3.60364168472041,0.276553706498272,5.79866278064305,6.68457974777327e-09,8.4589574912189e-08
"PBANKA_136440",2020.6097711517,6.30342176563349,0.528245333438549,8.14663470403209,3.74191879627004e-16,8.55472927014665e-15
"PBANKA_140080",7651.18045315977,-5.94069884883899,0.602627831065004,-6.53919159670194,6.18522457270408e-11,9.40972767715054e-10
"PBANKA_140230",1020.7966983939,-3.1517632476596,0.31000127050183,-3.71535008806619,0.000202922545122483,0.00151843307724564
"PBANKA_140300",97.2823773600943,-3.69987891093627,0.53270948127835,-3.19100554932315,0.0014177855705297,0.00949319852888659
"PBANKA_140310",179.591379388127,-3.61711277975378,0.323752189669165,-4.99490916619365,5.88634659604063e-07,6.13544136383277e-06
"PBANKA_140440",305.187364233648,3.09727399997368,0.293853647002735,3.73408331380507,0.000188400125603456,0.00141488152404193
"PBANKA_140680",1509.53021856907,-3.19449635989188,0.364839885987741,-3.27402898029635,0.00106025736932172,0.00723984322484043
"PBANKA_140790",1046.89668391686,4.19481059599381,0.51865311054066,4.23175056967435,2.31879477874979e-05,0.000195421034510522
"PBANKA_140830",117.913815086869,-3.49882829644662,0.373051358180175,-4.01775322239336,5.87556817301515e-05,0.000464877650094392
"PBANKA_140920",15232.2942647168,9.16392346916511,0.546029747023421,13.1200241529292,2.52854343680318e-39,2.9894607832833e-37
"PBANKA_141140",143.499262414404,3.30532138438744,0.300765390899019,4.33999862978149,1.42483604479129e-05,0.00012465056138153
"PBANKA_141400",302.993505459187,3.26893259150349,0.296335178382966,4.28208557089902,1.85149749699954e-05,0.000157320259601316
"PBANKA_141450",657.786409304243,6.50132248623952,0.42853717394995,10.5039253531953,8.28611598233942e-26,3.68687612203446e-24
"PBANKA_141520",346.941352661825,3.85154594622804,0.395513787712773,4.68136890229641,2.84965607773412e-06,2.72329719391773e-05
"PBANKA_141590",143.893059127497,-3.35434787722372,0.333089551642851,-4.06601729337909,4.78233886353745e-05,0.00038351391894027
"PBANKA_141680",499.413487491975,3.2429825458286,0.33036691551422,3.76243045976285,0.00016827010434458,0.0012706235251421
"PBANKA_141720",947.79185731488,4.05093042800825,0.612323667563218,3.34942210574688,0.000809803220972518,0.00571837155014382
"PBANKA_141740",574.437001588077,6.74287823302297,0.410142057542584,11.5639889784542,6.27257544795356e-31,3.65576298642702e-29
"PBANKA_141930",877.954974608129,7.45753423159049,0.513183899584192,10.6346559898167,2.05586015730339e-26,9.24690144665372e-25
"PBANKA_141960",322.070347232758,-3.23235869134229,0.293845205977536,-4.19390436281781,2.74193621793794e-05,0.000229214789289438
"PBANKA_142150",831.17539261067,5.47454070229363,0.504436247707889,6.88796794061017,5.65949607305602e-12,9.44314304447815e-11
"PBANKA_142170",397.20332719314,7.87032357938204,0.631323717412276,9.29843663001262,1.42525849821239e-20,4.27370990261079e-19
"PBANKA_142290",5373.43588610285,8.63717592960772,0.573588560506401,11.5713185140024,5.75907579571336e-31,3.40443652038027e-29
"PBANKA_142300",884.411253309669,4.92367306252738,0.477128246691317,6.12764614713512,8.91886643703751e-10,1.21802869031225e-08
"PBANKA_142310",482.73126944373,3.10827430053203,0.285991880531514,3.87519498271178,0.000106539355978935,0.000824037112225856
"PBANKA_142370",469.676182477657,6.41843457144901,0.390387190705141,11.3180828588873,1.06781571345602e-29,5.89149522970802e-28
"PBANKA_142450",267.940410059551,4.74933572482003,0.377172583814426,7.28933078066125,3.11498407314341e-13,5.91275417186579e-12
"PBANKA_142920",1039.93457055645,5.64160123520073,0.494511020445455,7.36404465146273,1.78419971918439e-13,3.49906087108294e-12
"PBANKA_142960",379.219854240409,-3.5085538429238,0.320198340608424,-4.71131062096489,2.46128752432296e-06,2.37408106658471e-05
"PBANKA_143030",450.540985184541,6.05772285033568,0.435768715642922,9.31164332058353,1.2586958533154e-20,3.80181273067088e-19
"PBANKA_143060",251.039116321804,5.2388681978791,0.26526547306378,12.2099124340255,2.75185183516786e-34,2.1087338692453e-32
"PBANKA_143220",961.489753867171,9.34094773526379,0.403798830240952,18.1797152083956,7.47208016086554e-74,5.15324461761027e-71
"PBANKA_143230",19741.4112045241,9.72781775694763,0.693123199305715,11.1492700932365,7.21961458412125e-29,3.73434564363671e-27
"PBANKA_143370",728.94270005082,3.68715798286848,0.378262781680971,4.460280166531,8.18525801859485e-06,7.41150933937538e-05
"PBANKA_143440",156.794495225837,3.90660404475918,0.414257168380385,4.60246482206549,4.17520099760394e-06,3.88246780406407e-05
"PBANKA_143520",513.279541468139,6.78556883658449,0.378477268972629,12.6442701554438,1.20336774747422e-36,1.13171266796553e-34
"PBANKA_143630",194.581692343072,4.2728665480773,0.526279706245765,4.31874252627157,1.56920719216986e-05,0.000134997491916816
"PBANKA_143660",1528.08282967812,7.45730761217985,0.595328403077778,9.16688601445221,4.8688017411823e-20,1.41880997218397e-18
"PBANKA_143760",1772.14442317617,5.63835536606301,0.713824209673168,5.0969907111008,3.45095254804963e-07,3.68993324129957e-06
"PBANKA_143770",851.794448750999,6.34849834455312,0.46617236894111,9.32809114025902,1.07794701041411e-20,3.2798123008041e-19
"PBANKA_143790",383.791837058543,3.27780180119438,0.335722754415668,3.80612211828901,0.000141162702606235,0.0010737707047511
"PBANKA_143900",178.017113369597,3.9901180566599,0.357805159436833,5.56201609778977,2.66675685994973e-08,3.26480470013964e-07
"PBANKA_143910",1209.54778869879,4.40538181569366,0.395247984428082,6.08575352806471,1.15944691857698e-09,1.55772446398427e-08
"PBANKA_144170",353.425406758092,-3.45207665974129,0.418253133921917,-3.47176516318075,0.000517048421932997,0.00372743270027656
"PBANKA_144240",390.52609779448,-3.98886830614472,0.46215285683895,-4.30348590669384,1.6813154783972e-05,0.000144341980282316
"PBANKA_144300",939.575995462317,4.40526915736865,0.370899580208049,6.48496058156621,8.87549868249283e-11,1.32587774542077e-09
"PBANKA_144310",300.368623076962,-3.14154694388014,0.263742444405134,-4.32826406252084,1.50289214792459e-05,0.000129561827252332
"PBANKA_144480",871.175180846927,7.54303198428893,0.55426407935722,10.0007057839959,1.51314739576749e-23,5.59053921757665e-22
"PBANKA_144500",735.079046685539,7.40911047372499,0.446737726100004,12.1080225772429,9.57752957022599e-34,7.07711024314199e-32
"PBANKA_144590",1161.39852743023,5.11595593365487,0.34030812062572,9.15627851585089,5.37178941381387e-20,1.5544380835218e-18
"PBANKA_144670",314.025574380865,3.95448722293368,0.287730508184726,6.79277020453763,1.10000523706875e-11,1.77113683696128e-10
"PBANKA_144780",257.227085629403,3.67928596402899,0.333673672163723,5.03271940258151,4.83570671811847e-07,5.09164234085859e-06
"PBANKA_144930",479.348843421883,3.57781914121951,0.445056727250131,3.54520905900775,0.000392301804704493,0.00288338342427565
"PBANKA_144970",993.636340593754,3.92783495399997,0.44906494117791,4.29299813283844,1.76276489340268e-05,0.000150709114233477
"PBANKA_145000",227.211770968387,3.62494999524091,0.3059071230067,5.3119063697164,1.08484340899121e-07,1.24696722955712e-06
"PBANKA_145080",817.512173381033,5.6297079743535,0.374135153087253,9.70159565173766,2.96819801724784e-22,1.02353361628096e-20
"PBANKA_145110",1576.04823440714,9.71606694629432,0.474711819110042,16.2542128417192,2.0852934740381e-59,5.75262959704643e-57
"PBANKA_145120",2237.98960848569,8.44173373704254,0.434053226676566,14.840884345833,7.96983305070571e-50,1.57043662684858e-47
"PBANKA_145130",443.060307245078,3.70047268353871,0.379050372119794,4.48613906914012,7.25254126632242e-06,6.62494829140004e-05
"PBANKA_145190",233.578418163902,-3.91314301110209,0.387221992116758,-4.94068790009536,7.78474311499286e-07,7.91480761912542e-06
"PBANKA_145340",1027.05498952534,5.37072665391455,0.476839967089211,7.06888450330745,1.56184068059524e-12,2.71550283037945e-11
"PBANKA_145390",82.1765084456238,5.11208826752464,0.430350971173204,7.23151212843926,4.77645428139857e-13,8.90313865604833e-12
"PBANKA_145670",3229.93783287587,7.64451678049545,0.584517380312072,9.65671333413878,4.60397865786914e-22,1.57448460217045e-20
"PBANKA_145770",2454.39244750942,8.43540894028672,0.517699741596238,12.4307748743398,1.77901474162553e-35,1.50235979609111e-33
"PBANKA_145950",5993.06523294669,7.56393610348565,0.602980732398599,9.2273862240222,2.7731617152575e-20,8.19667369838251e-19
"PBANKA_146000",660.175447420948,5.72696283934367,0.482322821216271,7.72711278712752,1.10013169498309e-14,2.31083500194926e-13
"PBANKA_146010",143.14503773803,3.75684497966899,0.354981683557998,4.94911445024444,7.45519007246111e-07,7.65498176671069e-06
"PBANKA_146100",756.952088791306,5.30376017061185,0.368497444571684,8.96549004417632,3.08904187087667e-19,8.3002956244725e-18
"PBANKA_146130",2658.48273723507,8.67437714232896,0.386589767637518,17.2647537546496,8.66727545581225e-67,4.48314822951889e-64
"PBANKA_146230",67.4923820158405,3.74362865465643,0.389440727488966,4.47726324336694,7.56060004420692e-06,6.86091293485269e-05
"PBANKA_146260",220.106699678818,-4.13248250908037,0.537858549380407,-3.96476454922378,7.34684277764798e-05,0.000576873537265794
"PBANKA_146300",928.855432608953,4.80616481992719,0.444948434287967,6.30671916941968,2.85012285222197e-10,4.0668304698257e-09
"PBANKA_146310",383.188023308068,3.0306498626176,0.255161765686295,4.03920179751663,5.36334076232058e-05,0.000427620502398508
"PBANKA_146330",1295.61609907133,5.34922697691825,0.535466012416473,6.25478909819826,3.98053457025016e-10,5.58354306837124e-09
