"","baseMean","log2FoldChange","lfcSE","stat","pvalue","padj"
"PBANKA_010320",269.429106519927,7.34332844220092,1.09770602617186,4.86772260951801,1.12891635279498e-06,2.22450279422173e-05
"PBANKA_010420",165.200542600176,6.09850300031565,1.06587543007478,3.8451988709676,0.000120454706883544,0.0014080270539099
"PBANKA_010450",894.531839124969,9.7469460194013,0.947469704425696,8.17645776241159,2.92309925370813e-16,5.75989748183059e-14
"PBANKA_010510",227.856952515446,6.63061759934202,1.17334499342157,3.94650987160968,7.92986538052044e-05,0.000976600682874809
"PBANKA_010570",297.382196225783,5.43830521905018,1.02749800851432,3.3462889373593,0.00081901004141783,0.00791837278361444
"PBANKA_010700",733.774726638808,6.43073184315884,0.952680094026416,4.65080762255959,3.30637649440137e-06,5.89732152320383e-05
"PBANKA_010720",344.091789576559,6.71624377784477,0.798855907181288,5.90374776658501,3.55335307904106e-09,1.28101763965555e-07
"PBANKA_010830",228.975674491296,6.79720634070272,1.22957313500769,3.90152175915321,9.55898673023027e-05,0.00114652426346936
"PBANKA_010980",256.252932879601,8.13325102714694,1.36053045663272,4.50798510040457,6.54461707960393e-06,0.000107894922212753
"PBANKA_011080",251.077314641652,7.30205181026531,0.898509053406204,5.90094422550946,3.61427083706426e-09,1.28929764860103e-07
"PBANKA_011110",378.049787271073,4.53424851955513,0.737111402253742,3.43808074574153,0.000585852974404107,0.00588412526234027
"PBANKA_020170",1363.77474722244,10.8297588191834,1.18119386667553,7.47528332841315,7.70376918197096e-14,8.61572888513401e-12
"PBANKA_020240",206.755441158779,4.13974761658756,0.596058144350513,3.58983034938497,0.000330893245760915,0.0035018829947792
"PBANKA_020340",517.83785534736,6.35152049091014,0.848869348597115,5.12625470350847,2.95562699198923e-07,6.94908209821103e-06
"PBANKA_020360",325.49628290564,4.99366598378172,0.749574767532576,3.99381904707941,6.5017490673354e-05,0.000825283363209628
"PBANKA_020410",966.877410422951,4.85592713993678,0.831461984863163,3.43482587530059,0.000592934685026544,0.0059264824314972
"PBANKA_020460",3156.71545883248,12.5884903308063,1.65169494432437,6.41068156513462,1.44870506709428e-10,8.10100211842723e-09
"PBANKA_020730",513.429077011055,4.8088623440927,0.82490252108655,3.40508396118478,0.000661437140302732,0.00653823892843567
"PBANKA_020910",1416.887871892,10.2092487935884,1.0818620722589,7.58807338207884,3.24697023244623e-14,3.95175377113603e-12
"PBANKA_020930",647.999149162305,7.76461117463543,0.931770435110509,6.18672900256997,6.14254272978493e-10,2.76280889302718e-08
"PBANKA_020970",991.78904499717,5.4091057344557,0.965921609064157,3.52938137263401,0.000416532399378477,0.00428758972295556
"PBANKA_021380",193.141799604722,4.01913422946481,0.572674483585289,3.52579744224643,0.000422209760928951,0.00433524563455086
"PBANKA_030160",1344.07184422851,6.95445575078459,0.935576172257625,5.29561985191335,1.18613366205148e-07,3.12099217937902e-06
"PBANKA_030220",198.5959176613,5.34770177330199,0.799693744499739,4.18622978649932,2.83626221045929e-05,0.000393840705600018
"PBANKA_030350",208.065243157498,5.34596658839035,0.850057070405446,3.93616699969856,8.27933692483575e-05,0.00100175135073013
"PBANKA_030390",693.948057173109,6.0962816058669,0.982459736650538,4.16941422946471,3.05383513260582e-05,0.000418436085388175
"PBANKA_030660",1350.04340388508,9.10737690267601,1.34917912232114,5.26792683424303,1.37973074048237e-07,3.56832862757253e-06
"PBANKA_031060",1179.06477136274,6.2717904382138,0.807475905319195,5.29030081278421,1.22115348521507e-07,3.17807114579871e-06
"PBANKA_031070",282.530614091803,5.97302844457853,0.948111603572667,4.19046495118021,2.78383415553916e-05,0.000387862145980506
"PBANKA_031130",100.256068842555,5.39524917360439,0.906537033683741,3.74529561115412,0.000180181487952227,0.00200967923759114
"PBANKA_031140",1262.02539314935,7.50291694658193,1.21856618833878,4.51589499137823,6.30499040780316e-06,0.000104713662945599
"PBANKA_031150",1872.86978118992,10.8352400075072,1.28712823331187,6.86430440949428,6.68160164636581e-12,5.21669200238901e-10
"PBANKA_031190",309.953340114742,4.30323561145552,0.57008799822394,4.04014050222255,5.34191896759689e-05,0.000688624943548783
"PBANKA_031200",1650.0445322686,11.5302401038985,1.10015293295467,8.66265027199737,4.60920796765446e-18,1.46714635155032e-15
"PBANKA_031330",1416.42056888768,5.38048565632566,0.986007169465973,3.42845950923111,0.000607017076314922,0.00603806889853641
"PBANKA_031350",157.960569524593,6.59139469675887,1.00208635876339,4.5818353444356,4.60912750773514e-06,7.91392930581245e-05
"PBANKA_031360",113.893912395382,6.63467159376518,1.03971371121525,4.45764208336547,8.28661108252851e-06,0.000130877849845431
"PBANKA_040250",310.544463660534,7.78908564991761,0.973447477453261,5.94699332424493,2.73112544986398e-09,1.0368254230768e-07
"PBANKA_040270",2133.95634284353,9.0849886947022,1.33811137706453,5.29476754785901,1.19167898584313e-07,3.12099217937902e-06
"PBANKA_040310",691.322745709531,6.15508559324515,0.842688154827487,4.93075115562265,8.19140261567779e-07,1.69480120118373e-05
"PBANKA_040560",160.538859147049,5.2594577416748,0.780626842608175,4.1754364105448,2.97415327852941e-05,0.000410234875551823
"PBANKA_040690",718.521267082572,8.99217027718697,1.12875092133052,6.19460869980503,5.8430005611311e-10,2.66921302054885e-08
"PBANKA_040730",98.6217339299708,5.28462082187604,0.920340902499892,3.56891757494873,0.000358459169579187,0.00376473107542811
"PBANKA_040740",537.184221652533,4.78577465654832,0.828308376542086,3.36320956716387,0.000770418544562802,0.00750115749976676
"PBANKA_040820",4867.74888017605,11.2899989558609,1.21875478053071,7.62253334654867,2.48744832129612e-14,3.11910944046163e-12
"PBANKA_041290",11944.0880815035,11.8365555615071,1.3626185083583,7.21886243374042,5.24242540900153e-13,5.42328908561208e-11
"PBANKA_041430",843.824960402316,6.75727040802531,0.751743851497914,6.32831302649971,2.47855945529094e-10,1.25076573487731e-08
"PBANKA_041720",887.497286171245,8.34086557743597,1.18751430543383,5.33961195113307,9.31457371662792e-08,2.53577013417147e-06
"PBANKA_041760",464.060337805212,6.65604039572553,1.26136191685416,3.69128030069095,0.000223128079141205,0.00243615828888208
"PBANKA_050180",919.805615437553,8.31480468347594,1.06277479275061,5.94180886350563,2.81893994573581e-09,1.0530387652121e-07
"PBANKA_050350",759.344303400601,5.5938661909402,0.936925485646422,3.83580791215285,0.000125152198638607,0.0014505713644168
"PBANKA_050380",505.642606842531,6.21951690822578,0.742621393190732,5.68192210312753,1.33189325171209e-08,4.23951867352663e-07
"PBANKA_050440",1266.087351845,8.11576378153658,1.21607127230907,5.029116237508,4.92745631003075e-07,1.09622657047888e-05
"PBANKA_050690",311.376675981482,8.30277655497634,0.923071081718251,6.82805114341145,8.60759030025179e-12,6.4760379386258e-10
"PBANKA_050830",1489.45530706827,7.33962831907035,0.962338874445553,5.54859463839778,2.87974990552834e-08,8.6350761659973e-07
"PBANKA_051010",811.495202202802,5.00457010445824,0.839655226225656,3.57833788275709,0.000345786246944918,0.00364087401999509
"PBANKA_051100",485.963224116406,8.25170647472197,1.17606330553377,5.31579077869839,1.0619511474107e-07,2.8534765246659e-06
"PBANKA_051170",971.777806992538,6.12135109091293,0.686577893250687,6.0027436528722,1.94010802689387e-09,7.64587334789222e-08
"PBANKA_051200",299.152033340608,6.60876971465147,0.950177356755675,4.85043100836231,1.23193479874426e-06,2.40459726283196e-05
"PBANKA_051300",1450.28079490688,11.1970883831659,1.04418890765282,8.80787788087072,1.2753726701218e-18,4.7977200990582e-16
"PBANKA_051490",21924.7440650626,11.2217227002008,1.19273643911162,7.73156784500471,1.06230036028817e-14,1.5699281753116e-12
"PBANKA_051500",12484.3969776812,10.3309425559453,1.04069984637819,8.00513479937408,1.19335876783582e-15,2.05754940887693e-13
"PBANKA_051600",137.698625957757,5.9182364393092,0.94653313371698,4.13956606455235,3.47963386166452e-05,0.000472089341625173
"PBANKA_051760",837.0287962452,7.55858063642993,1.16055910274991,4.78957135682193,1.67137956325946e-06,3.11539127602146e-05
"PBANKA_051810",819.736780612058,8.90651099712603,1.39390155734687,4.95480542418774,7.2402705097483e-07,1.51314340249184e-05
"PBANKA_051850",231.26965891895,6.01878456036011,0.803794995846326,4.99976310020279,5.74007968204408e-07,1.24358375519887e-05
"PBANKA_052240",405.034576944924,6.37821939129747,0.89927725696446,4.86859792949317,1.12392821849733e-06,2.22450279422173e-05
"PBANKA_052390",1735.34367410909,6.96361861450407,1.39302541662767,3.563193144401,0.00036637090842787,0.00380961837512395
"PBANKA_060330",431.667742989611,6.37623349703172,0.85017169617759,5.14747023066925,2.64022888164122e-07,6.35189948385544e-06
"PBANKA_060340",495.809302552985,4.54820260193812,0.748407049195254,3.40483511570095,0.000662040142826135,0.00653823892843567
"PBANKA_060350",292.745609733387,5.1888992613297,0.773224395087854,4.12415759459759,3.7209407133106e-05,0.000501539174973266
"PBANKA_060390",864.738996892042,10.9016784748751,1.24543772551769,7.14742960847351,8.84178329401543e-13,8.92373152942338e-11
"PBANKA_060500",124.423612199747,6.00901969817702,0.925353779823742,4.33241835240641,1.47480362942255e-05,0.000221917724310928
"PBANKA_060580",412.408235428528,8.09378473014697,0.999710302078054,6.09555059848847,1.09061407806307e-09,4.55854652022724e-08
"PBANKA_060620",1033.05096048359,7.04305416013714,1.04650906155622,4.81893023710451,1.44330005967822e-06,2.7649887254391e-05
"PBANKA_060800",593.781344938264,8.1384713159949,0.876854289896071,7.00056028319421,2.54940907425709e-12,2.39760335210815e-10
"PBANKA_060850",289.807567739686,4.82645403112345,0.657386857091296,4.29952926596298,1.71161273407374e-05,0.000254771708402774
"PBANKA_060860",1820.57695284934,7.47139708773719,1.12644612356155,4.85722039722411,1.19045064613302e-06,2.33463733350637e-05
"PBANKA_060950",2201.86911538229,7.0022898182811,1.22926335322704,4.06933941791168,4.71466214992095e-05,0.000620595331085933
"PBANKA_060960",2064.43052152899,11.2035526454361,1.33756893470947,6.88080621985673,5.95147640878388e-12,4.95437583747503e-10
"PBANKA_061240",2835.75378047682,7.50338294167768,1.10413383332076,4.98434408546822,6.21723553706265e-07,1.33300107007074e-05
"PBANKA_061530",902.1555302688,5.01067723021403,0.868027518239861,3.46841219540933,0.000523543581600943,0.00529687858353228
"PBANKA_061550",562.43217583904,6.632408014968,1.08334393508402,4.27602709070296,1.90258081679109e-05,0.000278223269473478
"PBANKA_061620",976.671315574435,6.90505054263836,0.961626843960885,5.10078371193834,3.38249927485377e-07,7.86336067378926e-06
"PBANKA_061640",1740.08403689871,8.67632574277338,1.15873408949048,5.76174102697634,8.32506688899247e-09,2.71252966824022e-07
"PBANKA_061650",1345.80930684044,6.88577466595062,0.813841609876122,6.00334832559655,1.93289328422959e-09,7.64587334789222e-08
"PBANKA_061670",253.627057225655,5.2044166931641,0.667293078148564,4.80211289176699,1.57000132307298e-06,2.9665139154685e-05
"PBANKA_061700",152.227097414382,5.84138775366357,0.946432721752162,4.05880699745026,4.93240580482788e-05,0.000645895418366385
"PBANKA_061750",574.445567618983,5.13909613284128,0.766359607769724,4.09611375784371,4.201435360395e-05,0.000563385527349672
"PBANKA_061770",325.137696986593,4.76820638852085,0.776896224952303,3.56316107558741,0.00036641568711922,0.00380961837512395
"PBANKA_061920",23538.3886180671,13.0630851811666,0.99784770524002,11.0869475603048,1.45156670734451e-28,3.0032915174958e-25
"PBANKA_062020",422.09777002367,4.64148920966978,0.667623339824432,3.95655611795182,7.60380318987564e-05,0.000944881009000162
"PBANKA_062030",709.567732465581,7.20587112039314,1.16842310386771,4.45546746136795,8.37105921739208e-06,0.000131708908903302
"PBANKA_062040",724.867373275955,4.76750936873742,0.79444033496575,3.48359624622626,0.000494725203717231,0.00505474788390594
"PBANKA_062060",131.081814924837,6.39681253747396,0.894381059679942,4.91603941059237,8.83126265687599e-07,1.79366792044068e-05
"PBANKA_062070",139.042969920043,7.16389575579279,0.893092172283083,5.78204122267908,7.37996170486116e-09,2.44306252277724e-07
"PBANKA_062080",337.880385973968,5.40283666910585,0.742017440535851,4.58592545567188,4.51979856338137e-06,7.79288602303005e-05
"PBANKA_062200",433.264186338023,5.51612912020683,0.905620601220881,3.88256309040086,0.000103361186731902,0.00122904767441555
"PBANKA_062230",793.28391156558,6.19299269340656,0.850737606175572,4.9286556312655,8.27973657288499e-07,1.70455472331334e-05
"PBANKA_070190",3281.31868659106,10.830088444062,1.29872659887279,6.79903564901649,1.05321756213139e-11,7.64598995105211e-10
"PBANKA_070330",274.035847111281,4.77635361016605,0.742575864460546,3.73881477037092,0.000184889889184064,0.00205113769824037
"PBANKA_070470",186.207980154648,6.65639505638546,0.936717696160153,4.97096945587045,6.66189451426489e-07,1.41368817948862e-05
"PBANKA_070480",1313.48392443155,8.02323552683385,1.21213508129601,4.96911245270936,6.72600565458824e-07,1.42001078564725e-05
"PBANKA_070490",721.147638629658,8.84963426940688,1.07591169940089,6.36635355226737,1.93574947767299e-10,1.02902314929438e-08
"PBANKA_070650",423.878970135661,5.77864505313244,0.956813799519473,3.94919581535105,7.8414187245815e-05,0.000968590766636366
"PBANKA_070660",2153.84324750912,9.38410452472269,1.08795539296177,6.78713904310058,1.14378965858032e-11,8.16034759862993e-10
"PBANKA_070670",544.52038563637,4.7931020109945,0.847902098410118,3.29413267903427,0.000987258856656906,0.0094110353682876
"PBANKA_070710",5473.03255883622,11.011333760482,1.15228252311813,7.82042040878731,5.26472110570043e-15,8.37900612899553e-13
"PBANKA_071070",686.354396030847,5.09219400927714,0.778948760898488,3.96970142902648,7.19627492994723e-05,0.000902369262427928
"PBANKA_071130",174.761207761404,4.86983948694243,0.852523954626685,3.36628603966807,0.000761876607911527,0.00745306241971134
"PBANKA_071140",2424.57494077432,11.5533918793488,1.29612133820639,7.37075426330764,1.69665335643486e-13,1.84756620761248e-11
"PBANKA_071160",1835.24541735804,9.68243052810717,1.18965642239246,6.45768844138832,1.06314329441941e-10,6.11012076709379e-09
"PBANKA_071220",2748.9993570739,6.62190052155344,0.685867096563294,6.73876986476333,1.5973316269533e-11,1.06609004392464e-09
"PBANKA_071270",246.147239045723,5.51358443406062,0.825628583023127,4.25564776499774,2.08444645216298e-05,0.000302646997159664
"PBANKA_071290",3663.09628641396,6.39035100435674,1.07315771663614,4.09105850547159,4.29408776989298e-05,0.000571348398450712
"PBANKA_071320",1455.64934479831,8.33826779553985,0.940304805104357,6.7406523513792,1.57677071304269e-11,1.06609004392464e-09
"PBANKA_071400",1462.1147052889,6.81927766840511,1.06092602722113,4.54251997288462,5.55857281655802e-06,9.35015216053539e-05
"PBANKA_071430",4270.15951702337,11.7646523239035,1.18943224864982,8.20950696013816,2.22098591708593e-16,4.59521986245079e-14
"PBANKA_071450",332.987944329959,5.87289734827373,1.01128275960728,3.82968790032346,0.000128305881915115,0.00147891292302158
"PBANKA_071630",248.721225344464,6.164069869941,0.849429931908782,4.90219347531559,9.47724255665027e-07,1.91301608289848e-05
"PBANKA_071680",1451.39292144377,13.4296456019866,1.74518839173268,6.54923311209905,5.78332961294571e-11,3.51932616740725e-09
"PBANKA_071760",257.379710441029,4.66672578223477,0.644138927725147,4.13998544017923,3.47327865569846e-05,0.000472089341625173
"PBANKA_071870",107.581052743533,4.48084135154741,0.62566806837098,3.96510782147897,7.33627781296885e-05,0.000917145546527646
"PBANKA_071910",168.227016921853,6.51906087565718,0.88091073573743,5.12998728738863,2.8976174661982e-07,6.9185666966494e-06
"PBANKA_071980",302.302116164418,8.03225387784604,0.972250641158704,6.20442262774643,5.48980738125321e-10,2.60163076257493e-08
"PBANKA_072090",1042.44155683331,7.85624435136996,1.1718587663769,4.99739774057931,5.81091352195953e-07,1.25237292468065e-05
"PBANKA_072100",794.539854336667,8.6790018828149,1.08580413698021,6.15120320078189,7.68973204462656e-10,3.28042383512007e-08
"PBANKA_081020",1832.99031299996,6.45999639828288,0.824033885133959,5.41239441574401,6.21875240088235e-08,1.72706023052692e-06
"PBANKA_081030",155.854218772379,5.9061557468478,0.840715872592791,4.64622576329041,3.3806302516987e-06,6.0038832538752e-05
"PBANKA_081040",143.402080572245,6.13823944854953,0.927496628682813,4.46172990884772,8.1300657039917e-06,0.000129393122627376
"PBANKA_081260",496.476639734799,8.32188457204785,1.41782022624542,4.45887599501176,8.23905675019196e-06,0.000130625351847871
"PBANKA_081540",809.532574542712,7.80135228506785,1.16941642108138,4.96089517855688,7.01690518098964e-07,1.47390627608808e-05
"PBANKA_081580",99.4594930166395,4.58967260317676,0.569152027112353,4.55005425582988,5.36320849580556e-06,9.05834969618098e-05
"PBANKA_081680",254.476946650724,6.42562723173143,0.895008543468118,4.94478769396136,7.62268922428656e-07,1.58505969899989e-05
"PBANKA_081710",177.449407145544,4.15139513781429,0.557050357694752,3.86211965955363,0.000112407482405579,0.00132142659714285
"PBANKA_081820",84.5680544854133,4.83887827202423,0.816514443211192,3.47682554255804,0.000507387847657615,0.00515865089338381
"PBANKA_081840",341.830923646049,7.88000923010347,0.954296655072477,6.16161567668588,7.20064407174199e-10,3.10377762175712e-08
"PBANKA_081900",1135.80795910422,7.74575742837283,1.34201614444018,4.28143689044043,1.85690387709235e-05,0.000274423865836006
"PBANKA_081960",613.397860376718,6.7635040786647,0.898594031123268,5.30106356561281,1.15129991054528e-07,3.06739812316491e-06
"PBANKA_082020",11552.3088948655,14.7862898679368,1.33325323201607,9.59029354731213,8.78347549187402e-22,6.05767026422912e-19
"PBANKA_082100",594.830077579302,5.84606452942736,1.01074107228127,3.80519267980938,0.000141693845405701,0.0016241804218526
"PBANKA_082120",327.024192112353,6.28588530723891,0.937658313733653,4.57083912600634,4.8577510485468e-06,8.26733600062768e-05
"PBANKA_082140",714.351087014776,9.56259355855453,0.927106951240027,8.15719647926207,3.428903578672e-16,6.44945591297487e-14
"PBANKA_082290",481.956579937984,5.72533455906749,0.837057242881683,4.45051349922321,8.56652083685157e-06,0.00013376703102978
"PBANKA_082380",213.527008314725,6.0454753887138,1.08176066618628,3.73971388974237,0.000184229828809963,0.00204930922477319
"PBANKA_082420",1315.34753601477,9.86045179178975,1.21556831457867,6.46648295905467,1.00310133387777e-10,5.84624411209323e-09
"PBANKA_082440",360.586532160866,6.79100041539199,1.26937025310537,3.77431281666745,0.000160449327674822,0.00180418292912612
"PBANKA_082450",184.994020572953,6.73825845447796,0.942754745110179,5.0259714724896,5.00890350258433e-07,1.10838730982321e-05
"PBANKA_082550",783.96050660408,6.24769520822397,1.03727350302203,4.09505804963548,4.22062623195742e-05,0.000563385527349672
"PBANKA_082570",471.739598747371,9.60629274198508,1.17281139033806,6.4855208643502,8.84257612902434e-11,5.22722571741467e-09
"PBANKA_082590",1562.76857315725,9.58581938050572,1.28498400559363,5.90343486571357,3.56010218850624e-09,1.28101763965555e-07
"PBANKA_082740",335.593951885242,5.89656369289378,1.04841583376485,3.71662041663492,0.000201905433190177,0.00222795915344254
"PBANKA_082830",267.322327708045,8.34890038201679,1.18520562043374,5.35679233422243,8.47123896136887e-08,2.32145608093671e-06
"PBANKA_082880",494.681551829424,6.50207560943378,0.896642787655081,5.02103588119825,5.13935569047296e-07,1.12521978027392e-05
"PBANKA_082920",394.531708125332,5.44817217998885,0.810995970941523,4.25177473568174,2.12083128711128e-05,0.000306853142170156
"PBANKA_082930",464.650368943705,5.66357563465772,0.83525855211649,4.38615758602466,1.15370551354823e-05,0.000177473361154743
"PBANKA_082960",221.013431621133,6.27741403491354,1.0114317299054,4.22906846645361,2.34660929640253e-05,0.000333686229158545
"PBANKA_083040",2388.86914239756,9.99137222019938,0.871079482158272,9.17410223048667,4.55352831033754e-20,2.3553125185221e-17
"PBANKA_083240",386.641494248639,7.4375571041194,0.939262650181413,5.78917633216776,7.07324133038098e-09,2.37959940041597e-07
"PBANKA_083270",125.53284575686,7.3046671390894,0.968753172060143,5.4757675041296,4.35619335757358e-08,1.24316745611307e-06
"PBANKA_083290",1643.54223508013,5.48949616021796,0.942424016202359,3.70268170189404,0.000213332467088718,0.00234156432045919
"PBANKA_090300",896.905206574922,5.53914644753596,0.90618896163817,3.90552809332177,9.40198342462226e-05,0.00113097114567113
"PBANKA_090380",1324.65845178038,6.24865767420491,1.1816575128787,3.59550684347998,0.000323760616715582,0.00343518315889507
"PBANKA_090530",233.478206902543,7.15339198501804,0.879878680505657,5.85693471065402,4.71488372602349e-09,1.62584907152377e-07
"PBANKA_090590",1469.51444732242,6.17341477399174,1.16976186724707,3.56774732605492,0.000360063462020957,0.00377200659707017
"PBANKA_090610",204.356116630454,6.44682605029415,1.06477768838898,4.17629529505096,2.96295134959513e-05,0.000410056611525908
"PBANKA_090680",99.3738206599492,6.8752719612096,1.12602121192808,4.3296448677567,1.49349995340337e-05,0.000223916768376201
"PBANKA_090700",472.448123647826,5.76085098827943,0.910122166577804,4.13224853364553,3.59231684459684e-05,0.000485784545847769
"PBANKA_090710",819.798652438516,8.45126505822017,1.04155407868833,6.19388391848509,5.86994646858255e-10,2.66921302054885e-08
"PBANKA_090720",255.35680846319,4.42806725633683,0.717326749801159,3.38488318888133,0.000712085507186542,0.00701573768747122
"PBANKA_090860",1647.48036674522,12.1453025909999,1.11537587734603,9.09585978776946,9.38410070395347e-20,3.88314087129595e-17
"PBANKA_090950",213.872641840706,5.45985141628969,0.863911760199245,4.00486667236911,6.20524699451974e-05,0.000790071140409928
"PBANKA_091250",388.523426151544,7.1452673483479,1.20105288197798,4.28396403318587,1.83592604177947e-05,0.000272296127630231
"PBANKA_091665",418.056491500187,8.55485941518364,1.50691085609874,4.3498654141716,1.36221111119346e-05,0.000206477273923755
"PBANKA_091670",2024.03235501572,10.2080803390062,1.06911721270094,7.67743727394478,1.62302673175231e-14,2.31589124689346e-12
"PBANKA_091700",437.62382295244,5.90095376664814,0.749271179857985,5.20633099405681,1.92610954552876e-07,4.77259958047785e-06
"PBANKA_091740",180.30303517864,5.4798689057197,0.707896553991014,4.91578732245655,8.84263547051472e-07,1.79366792044068e-05
"PBANKA_092120",4201.66444159854,13.147270941514,1.37611801810618,8.10051957378984,5.47249574566993e-16,9.84573365025311e-14
"PBANKA_092170",1707.94305857074,5.48417725830962,0.819891778705414,4.2495575011266,2.14193221693417e-05,0.000308826324518244
"PBANKA_092240",204.111156599003,4.35711810855824,0.70513897875952,3.34277097077356,0.000829463281857338,0.00798213734959457
"PBANKA_092330",504.863044496649,4.47797597811917,0.666663092407649,3.71698389537357,0.000201615289678609,0.00222795915344254
"PBANKA_092650",588.692383140016,6.90632185686575,1.21354609622578,4.04296291020571,5.27799722774525e-05,0.000682511016512807
"PBANKA_092730",165.309363173217,5.49062585114869,1.03298379608382,3.37916806089516,0.000727055476671673,0.00714621273745222
"PBANKA_092800",346.20082524637,6.07706444143286,0.808699382813632,5.0415080412797,4.61877443568496e-07,1.04439828496527e-05
"PBANKA_092920",618.531066865572,5.75718008233893,0.649570914550086,5.78409531304411,7.29036003130649e-09,2.43286369431825e-07
"PBANKA_092930",533.357590591358,5.0534199010376,0.600762987050594,5.08256994331185,3.72362126848535e-07,8.60801385977229e-06
"PBANKA_092940",1049.84368059984,8.08618055861736,0.88400919712087,6.88474800764453,5.78899172239061e-12,4.95437583747503e-10
"PBANKA_092970",191.651993725662,4.67010705933542,0.64011754831302,4.17127614509597,3.02898525427101e-05,0.000416409999407756
"PBANKA_093110",1473.99230691909,8.21262515579497,1.12730929004286,5.51102098658193,3.56758178098941e-08,1.03962347955875e-06
"PBANKA_093260",668.643401778063,7.75962669629783,0.908525952667214,6.33952907937186,2.30468514116146e-10,1.17738112520075e-08
"PBANKA_093350",539.742751337962,4.54638275013692,0.773469900612087,3.29215493469343,0.000994228223901684,0.00943604676721369
"PBANKA_093660",799.328608386409,6.28796291591637,0.819299401781427,5.23369467449009,1.66154833004307e-07,4.24412777143101e-06
"PBANKA_093750",666.831489902541,4.52275914633216,0.709423510246103,3.55606927300309,0.000376444857052465,0.00390408225183735
"PBANKA_093880",473.595714819678,6.69825640003961,0.815840167204112,5.75879515241393,8.47164341092684e-09,2.73872347143869e-07
"PBANKA_093950",564.940413549765,4.95859809051339,0.806199233947034,3.66981009896093,0.000242730722305943,0.00262937101806805
"PBANKA_094110",1270.38895717388,4.00670769609243,0.576819267534252,3.47891932367406,0.000503440123696582,0.00513112126073019
"PBANKA_094170",197.925669445809,5.31250958211646,0.910647782212199,3.63753104857898,0.000275264018632805,0.00295855197169493
"PBANKA_094340",1284.69691300326,7.89946627137584,0.968645081795779,6.09043124488773,1.12606938440227e-09,4.61353971550159e-08
"PBANKA_100210",1035.99723057108,8.40240186123887,1.14937174530544,5.57034909496358,2.54229429528896e-08,7.73530426022478e-07
"PBANKA_100620",1559.79102231295,9.70125761998828,1.26758729532749,6.07552446161004,1.23583138405204e-09,5.01359830118369e-08
"PBANKA_100640",1581.63200746635,11.8717054123912,1.43484676773766,6.87997187877842,5.98643769632072e-12,4.95437583747503e-10
"PBANKA_100790",504.145221320337,7.29263521330343,0.91565424181761,5.78016785331256,7.46261320672449e-09,2.45081694043063e-07
"PBANKA_100960",547.754355978481,6.90618319415612,0.97675912077509,5.02292027768618,5.08916730821793e-07,1.12015820858541e-05
"PBANKA_100990",896.475035402481,7.7247761339828,1.02299303948265,5.59610467816861,2.1922137102023e-08,6.71954098727195e-07
"PBANKA_101160",496.421138115345,5.03603875463752,0.751827217587642,4.03821341342116,5.38598422706722e-05,0.000692149153155409
"PBANKA_101250",1119.49871926739,4.76922143103546,0.811050146301891,3.41436524444531,0.000639308096338438,0.00634402134927687
"PBANKA_101330",380.562200598317,4.41913802822587,0.641846611705219,3.7690282757727,0.0001638843234883,0.00183781390405037
"PBANKA_101390",154.243574921169,5.83792034325257,0.973724815542892,3.94148355057868,8.09791893687971e-05,0.000985564369435536
"PBANKA_101520",785.650103660504,5.3065134489817,0.728157408853036,4.54093223358118,5.60060327057992e-06,9.37174684075053e-05
"PBANKA_101540",764.603037081313,6.17148546764051,0.806067578539962,5.17510637904127,2.27781162105355e-07,5.54446146348211e-06
"PBANKA_101700",270.112670150483,8.23587565063643,0.976818618458944,6.38386240065153,1.72676261381549e-10,9.52712492795797e-09
"PBANKA_101900",180.120932342882,9.27671013088184,1.22538048952029,5.93832706911347,2.87945159344507e-09,1.06385452622105e-07
"PBANKA_101910",328.951890877854,4.79064687711108,0.734211650745728,3.80087523029178,0.000144185895218119,0.00164363976422198
"PBANKA_101920",680.700828383385,4.74530542447133,0.777509914774215,3.53089442630266,0.000414157017700958,0.00427376992330814
"PBANKA_101980",393.234537808318,4.94602876867195,0.730712643653931,4.03171998494556,5.53701347131623e-05,0.000709354852764908
"PBANKA_102000",679.110580062197,7.18974657366587,0.954165107175352,5.43904459997417,5.35670455674232e-08,1.51822215450683e-06
"PBANKA_102030",373.657095374557,7.00615856207435,0.968097866050274,5.17112859932115,2.3268436044714e-07,5.63068937736998e-06
"PBANKA_102080",539.424814670894,6.60482276008185,0.770943985197578,5.97296671158505,2.32977452536259e-09,9.0099130709817e-08
"PBANKA_102110",640.768405876655,6.34511071768229,0.969081790252497,4.48373992926867,7.33460473203537e-06,0.000118095697981177
"PBANKA_102120",147.359717317245,6.46512988934825,0.956490210732244,4.66824421122926,3.03784680861551e-06,5.46548264958738e-05
"PBANKA_102310",454.971220003837,6.52175356271262,1.05070576352968,4.30353931582379,1.68091002521055e-05,0.000251104898350948
"PBANKA_102440",4589.40010228842,9.72558412553832,0.99115109672878,7.79455741010228,6.46346226640384e-15,9.90585439199226e-13
"PBANKA_102570",1222.60266269076,9.97977684642148,1.16546079851997,6.846885675224,7.54749853348128e-12,5.78362017250844e-10
"PBANKA_102760",1157.12526682781,8.36220586112294,1.51290740410173,4.20528437092315,2.6075408988333e-05,0.000365762855571938
"PBANKA_102770",244.275557791199,6.54145817606844,0.714922293499061,6.35238013608595,2.12008614295002e-10,1.11049575437053e-08
"PBANKA_102870",673.775615542783,4.52280456289855,0.735690303849394,3.42916652523261,0.000605437932491218,0.00603687268590039
"PBANKA_102890",586.086308260093,5.74875071252891,0.841731712561567,4.45361705705571,8.44356401157917e-06,0.000132346469242101
"PBANKA_102990",192.080301971932,-4.30530801708346,0.626259196757531,-3.68107650796864,0.000232251295447266,0.0025224563269312
"PBANKA_103050",159.914855112774,-4.30136947609284,0.613684597624618,-3.75008511701405,0.000176774556196817,0.00197700841497954
"PBANKA_103240",122.366230764435,5.03150718237811,0.8001646632247,3.78860417324729,0.000151496066461381,0.00172222726103625
"PBANKA_103450",1689.6788218743,10.936797061571,1.34337792235147,6.65248171261282,2.88191638063863e-11,1.89291587033058e-09
"PBANKA_103520",296.821683765812,6.0674815187277,1.09832276960487,3.70335718360004,0.000212764982412789,0.00234154653517054
"PBANKA_103540",1352.39370893644,6.87965424457863,1.19926570252157,4.06886833694877,4.72420322117131e-05,0.000620595331085933
"PBANKA_103620",447.41794419218,5.21500100776294,0.788066012812937,4.07960875801161,4.51115606912586e-05,0.000596395010033317
"PBANKA_103780",22296.8903958969,15.6823705314891,1.22628953648371,11.157536719038,6.57892162997785e-29,2.72235777048484e-25
"PBANKA_103880",159.01764580215,8.22298264995423,0.900599780282492,6.90982030664305,4.85267994423215e-12,4.27242332111333e-10
"PBANKA_110290",459.860295248087,5.69550660961176,0.846073794158755,4.36783012915106,1.25487031913467e-05,0.000191610825851633
"PBANKA_110330",687.474209830695,5.90968752144592,1.03336242972075,3.78346203519558,0.000154661924876546,0.0017534001236689
"PBANKA_110390",911.653841268304,6.03456091835915,0.836211331203417,4.82481015002857,1.40136689098961e-06,2.70974588547429e-05
"PBANKA_110500",211.167673856547,-5.2258668255408,0.720586632331289,-4.47672310420785,7.57974533985053e-06,0.000121569714016672
"PBANKA_110600",367.39523864442,7.56503680314788,0.817449283420822,6.80780681568352,9.90978088139929e-12,7.32262022986254e-10
"PBANKA_110690",1253.89879451362,10.6230953421152,1.3234960663556,6.51539174261383,7.25001957857764e-11,4.34791029219627e-09
"PBANKA_110760",2770.39948426164,10.3387159005002,0.991387575539089,8.4111563491865,4.05988119297261e-17,1.11998589176804e-14
"PBANKA_110770",1262.14611834883,6.15289259020851,0.809821700661346,5.12815671254182,2.92592839998464e-07,6.9185666966494e-06
"PBANKA_110910",126.811818978097,4.86282833542489,0.853487446383478,3.35427117007484,0.00079574339124475,0.00772954496002529
"PBANKA_110930",625.949380418023,5.62070704804147,0.884095958793759,4.09537789651418,4.21480322868821e-05,0.000563385527349672
"PBANKA_110990",995.802204319037,9.406957178105,0.986049248660408,7.51175175901983,5.83413414658094e-14,6.70601308293109e-12
"PBANKA_111000",439.27480614773,6.37903152515347,0.928474841623645,4.71637068538741,2.40088842414592e-06,4.3383739297449e-05
"PBANKA_111020",419.333166235184,6.37155191790165,1.04003366828744,4.20327923143106,2.63075727280924e-05,0.00036777275658394
"PBANKA_111340",519.987684827048,6.29903103410295,0.896715201464589,4.79419890181567,1.63326167258742e-06,3.05811619962295e-05
"PBANKA_111370",502.391965024664,6.29863121678234,0.823834665831406,5.21783240626832,1.81029148486267e-07,4.53999161476468e-06
"PBANKA_111380",355.969568874088,4.02497332770853,0.606946209686608,3.33633079075345,0.000848920885416108,0.00815042836160523
"PBANKA_111410",411.73258526212,7.78291350225339,1.26484950227844,4.57201705960773,4.83051600063754e-06,8.25978314489179e-05
"PBANKA_111420",331.018263250561,4.82578266829917,0.728894384982488,3.87680674528322,0.000105836355397128,0.0012548734631327
"PBANKA_111500",1171.35061094414,7.83048757537958,1.06228636683544,5.48862129592105,4.05083057332369e-08,1.16405117447316e-06
"PBANKA_111530",2623.44430334027,8.38910913636083,1.51339076384711,4.2217180710945,2.42447238557869e-05,0.00034357762779194
"PBANKA_111570",1000.55045201878,5.07345064127294,0.722011167689138,4.25679100104476,2.07382053316489e-05,0.000302164414304095
"PBANKA_111690",579.251759069733,5.38702098128633,0.849077498119774,3.98905987826396,6.63356766879109e-05,0.000839440459127142
"PBANKA_111730",924.33691699954,5.53415202114573,0.797191635206156,4.43325276516705,9.28219360936484e-06,0.000143856618560119
"PBANKA_111830",199.399371270263,4.31721655495194,0.627631148934779,3.69200374915225,0.000222494184290585,0.00243566384813344
"PBANKA_111920",7574.28844357884,13.4250880777008,1.15449221804454,9.89620189649475,4.32385035133041e-23,5.96403091793508e-20
"PBANKA_112040",1708.74774643283,8.52142344255829,1.15785616449305,5.63232605443147,1.77795136268028e-08,5.53170130734662e-07
"PBANKA_112100",524.172987945575,6.54861619683208,0.94492146922763,4.81375050198624,1.48123720277947e-06,2.81163281885387e-05
"PBANKA_112310",175.380460562165,4.37735570241718,0.660962952076104,3.59680628838551,0.000322148205158219,0.00342686188417664
"PBANKA_112320",355.948545961233,6.19865135571765,0.909980968817818,4.61399908304922,3.94994166380715e-06,6.92578754442117e-05
"PBANKA_112400",276.277895108382,5.12315455890262,0.90750301720673,3.44148118484014,0.000578538704872748,0.0058248008777699
"PBANKA_112470",2125.42489260936,10.4109456362694,1.24632560244552,6.74859412320958,1.49284544954439e-11,1.02956574503578e-09
"PBANKA_112520",194.729127103079,4.86531223836738,0.735539657851989,3.89552379369321,9.79867418384894e-05,0.0011718761206002
"PBANKA_112880",667.015210143322,6.23136272007817,0.807279782223093,5.24150711222546,1.59270337117308e-07,4.09354444094049e-06
"PBANKA_112890",640.666981146419,7.34140940979977,1.0313857593731,5.17886674433664,2.23237853189872e-07,5.46602506804552e-06
"PBANKA_112900",1328.35633916723,8.50030375528239,1.07954510267002,6.02133596753421,1.72983273610426e-09,6.9495610310674e-08
"PBANKA_112980",422.248891665557,7.00420541499463,0.938242499231046,5.33359490653634,9.62872007101291e-08,2.604159715938e-06
"PBANKA_113130",381.292232500489,7.02333815388935,1.08400220463132,4.6340663629903,3.58551968738554e-06,6.34054720786383e-05
"PBANKA_113140",549.983114389198,7.58596939391077,0.72927513083957,7.65961865102954,1.86485991025287e-14,2.5722634362088e-12
"PBANKA_113280",87.8209394521597,5.74404159661432,1.04997306740513,3.56584536579327,0.000362685187491355,0.00378987703494754
"PBANKA_113490",2571.84669837315,7.83338511176767,1.23521955872801,4.7225491780382,2.32906746436984e-06,4.24567452315525e-05
"PBANKA_113740",343.987180355115,5.48491716061138,1.03604702398315,3.3636669764403,0.000769142929078,0.00750115749976676
"PBANKA_113810",1672.54145562276,9.10907186659023,1.03561528131978,6.86458764641875,6.66835891614298e-12,5.21669200238901e-10
"PBANKA_114140",306.066049018587,4.21940330982031,0.602917161470051,3.68110820466429,0.000232222421032637,0.0025224563269312
"PBANKA_114190",488.531636721563,8.58855620624431,1.03486464385286,6.36658740385095,1.93280179929405e-10,1.02902314929438e-08
"PBANKA_114340",393.191513257901,7.40829318321466,0.864559859840574,6.25554508650443,3.96129876425877e-10,1.95141122458367e-08
"PBANKA_114370",3353.70787448307,9.05606986823988,1.15793431623946,6.09367022747487,1.10350870710413e-09,4.56631902999688e-08
"PBANKA_114380",1340.42228333911,8.0048333273212,0.793860655261975,7.56408985319923,3.90589685092197e-14,4.6178860483186e-12
"PBANKA_114560",572.081886224823,-4.17341827350356,0.574837358950175,-3.78092731737699,0.000156245288595472,0.00176169755915004
"PBANKA_120070",401.018078307537,7.666684727938,0.962476485202004,5.88760849232455,3.91823953974506e-09,1.37404027249704e-07
"PBANKA_120200",7117.10669231779,9.17773856761324,1.38547246518139,5.18071542235487,2.21036492094202e-07,5.44433931122504e-06
"PBANKA_120420",2298.20464743593,6.89357370632455,1.08620390927284,4.50520723093378,6.63082009599478e-06,0.00010888227602074
"PBANKA_120450",260.767905128576,7.44704413007922,0.92542646241356,5.88598268075569,3.9569575227834e-09,1.37595716212418e-07
"PBANKA_120800",116.127160036239,5.79885517358215,0.981663420154084,3.86981433308972,0.000108918269219623,0.00128405640464615
"PBANKA_120890",284.288408020003,6.69293992625733,1.03361277610008,4.54032693361653,5.61670666144546e-06,9.37174684075053e-05
"PBANKA_120940",1016.27628401707,10.6036309838741,0.941299263394552,9.14016542714309,6.23568694134646e-20,2.86703028481018e-17
"PBANKA_120970",215.269327598474,5.61188807337558,0.799943581044604,4.51517851878879,6.32634503054607e-06,0.000104713662945599
"PBANKA_120990",2777.76619701784,10.6086420165778,1.00378651529502,8.57616822442339,9.80860582101722e-18,2.89914363481209e-15
"PBANKA_121370",653.403569584684,4.61316499813433,0.722065994293893,3.61901130753254,0.000295730717756146,0.00316210261001275
"PBANKA_121830",453.320962499952,6.47766408107122,0.947938216502979,4.72358219461779,2.31726239963757e-06,4.24284593349569e-05
"PBANKA_121980",309.929497617955,-3.98750425033077,0.596258814058301,-3.33329118743465,0.000858250676994411,0.00822092893843258
"PBANKA_122150",1196.14283181951,6.3343442562619,0.829475034352106,5.22540652431741,1.73772892570859e-07,4.38458676498911e-06
"PBANKA_122250",1418.01847682183,8.87228611025576,1.04758414893868,6.56012800233583,5.37616095430225e-11,3.32038119834369e-09
"PBANKA_122540",5972.72456083225,13.7122979580829,1.84543646062395,6.34662759081009,2.20086025706259e-10,1.13839496796562e-08
"PBANKA_122550",722.338798569124,8.24024117070463,1.21670897894366,5.1287869808624,2.91615090483767e-07,6.9185666966494e-06
"PBANKA_122570",837.330216927264,5.15573311521818,0.810582718165985,3.89316604523509,9.89443784930933e-05,0.00117991884208767
"PBANKA_122890",8079.59275440884,13.5020645302499,1.24664473822413,9.22641726032931,2.79835374797042e-20,1.65422682987165e-17
"PBANKA_122980",211.073548136368,4.76511073488878,0.795682660379552,3.47514263232755,0.000510581793587129,0.0051784006418224
"PBANKA_122990",622.794150575618,7.04957210153236,0.968856694513175,5.21188750630416,1.86928894491486e-07,4.65970943015525e-06
"PBANKA_123130",1029.67717460429,7.20313465651441,1.07636430702855,4.83399033444205,1.33823086545134e-06,2.59981188790501e-05
"PBANKA_123200",391.001424574999,8.29631375192877,1.03231319431206,6.09922820576237,1.06581817464872e-09,4.50036286397594e-08
"PBANKA_123280",516.789170873431,5.97122178127421,0.713576027021021,5.56523990562427,2.61791990450373e-08,7.90726464586601e-07
"PBANKA_123320",692.598966873294,9.73227152767289,0.802894495041478,9.63049513407541,5.94423572571852e-22,4.91944948660465e-19
"PBANKA_123360",662.751843685974,8.56218144276677,1.15738215046631,5.66984849396793,1.42923851069237e-08,4.51464805896567e-07
"PBANKA_123370",2954.95212245133,11.7703664839867,1.47479537075703,6.62489636034828,3.47491896723731e-11,2.17866889188303e-09
"PBANKA_123900",1315.61578744812,8.89757237793747,0.939183741697526,7.34422038170131,2.0696187337332e-13,2.19591854363795e-11
"PBANKA_124010",714.119978923849,7.8337889329341,0.943720141610619,6.18169378368649,6.34174498010922e-10,2.80163440949982e-08
"PBANKA_124060",3682.09545780271,10.64304132904,1.39339524154023,6.20286410587008,5.54447140089228e-10,2.60163076257493e-08
"PBANKA_124290",204.280719346177,4.82974808035324,0.818688898150141,3.45643880935378,0.000547363466730854,0.00552436591544457
"PBANKA_124300",302.255826304429,7.77945749173773,0.980090537890677,5.89686081877304,3.70482101112002e-09,1.31030336273629e-07
"PBANKA_124310",237.388398332505,5.16271926535461,0.816083594995706,3.87548442922842,0.000106412784703333,0.00125810315172112
"PBANKA_124320",1037.92959006172,6.05275170272235,1.0294323630316,3.93688002074007,8.25478521746774e-05,0.00100170971348626
"PBANKA_124350",420.273500968973,7.03896278792331,0.913379962376967,5.51683088690711,3.45167288043907e-08,1.01298031058559e-06
"PBANKA_130070",805.290212007464,6.57181666369523,1.03333187214368,4.42434496306677,9.67353433073249e-06,0.000149362257688698
"PBANKA_130390",696.338480371823,5.23383232750442,0.814539705182518,3.97013467474836,7.18320179530901e-05,0.000902369262427928
"PBANKA_130400",340.181696317279,6.3094229091196,0.73705347349838,5.84682531738868,5.01043171241231e-09,1.71348482859191e-07
"PBANKA_130550",290.567116619821,5.18361232918264,0.868340158263804,3.66631935524909,0.000246066599395556,0.00265854722793424
"PBANKA_131050",490.655813614445,4.27129284419649,0.640875277747195,3.54404815267729,0.000394033272730218,0.0040762742063941
"PBANKA_131070",1496.9704945142,5.37601018264283,0.703422699146159,4.79940466342749,1.59137966167543e-06,2.99324047273315e-05
"PBANKA_131130",1101.73774696237,11.271752711235,1.16144768550284,7.98292753687041,1.42902805173317e-15,2.36532723122875e-13
"PBANKA_131140",277.441806628021,8.21532630603528,1.13175315047075,5.49176850397988,3.97928768346763e-08,1.15148898141182e-06
"PBANKA_131230",773.344617705557,6.78669334559286,0.767205444939649,6.2391284852904,4.4001547079698e-10,2.11719071878826e-08
"PBANKA_131270",8202.96198669272,11.8723318140457,1.43604102607365,6.87468647120626,6.21263442389388e-12,5.04076102864174e-10
"PBANKA_131280",882.609162222459,5.08656974285035,0.803357743091525,3.84208625533681,0.000121992946753833,0.0014219910244151
"PBANKA_131310",1478.38413811158,6.09372482658828,1.24748870888328,3.28157264866381,0.00103229928150098,0.00977495292185592
"PBANKA_131530",1125.63552647924,7.68063315464604,1.27059830340304,4.47083325975774,7.79154284776049e-06,0.000124484186502058
"PBANKA_131720",1100.94442316348,7.21707208896064,1.12982000195756,4.61761349588554,3.88178384877566e-06,6.83524321967391e-05
"PBANKA_131850",323.785320322574,8.51219835793418,1.27112374350183,5.1231820593593,3.00422018545463e-07,7.02342549571258e-06
"PBANKA_131860",3313.08738299683,10.8593356562294,1.31187667233822,6.75317721782415,1.44642085084086e-11,1.01445584419991e-09
"PBANKA_131950",1891.17633020289,8.05047572126012,1.34826637318809,4.48759669571322,7.20311219793974e-06,0.000116577316364221
"PBANKA_132080",1387.28804357798,7.42003939002522,0.949558790639946,5.70795557205303,1.14341255016307e-08,3.66778382370139e-07
"PBANKA_132430",419.924392558272,7.29828751795591,1.08664337079747,4.87582923739511,1.08352311643729e-06,2.16347313158836e-05
"PBANKA_132520",162.74027568144,6.25157834290119,1.17612385284431,3.61490699522781,0.000300455464016908,0.00320434203634527
"PBANKA_132540",131.457879813703,6.39038153342732,1.08422546216239,4.04932524335952,5.13655176068105e-05,0.000668397836028245
"PBANKA_132910",712.984960103967,6.64127216766889,1.20603449008122,3.84837432580914,0.000118904269559153,0.00139384098423732
"PBANKA_132940",410.751524656194,6.6612891805048,1.14928353258099,4.05582177797047,4.99583429325838e-05,0.000652137612160983
"PBANKA_132990",460.108689561261,8.4755570387713,0.910767871152215,7.1099972274813,1.1604528579534e-12,1.14332236338362e-10
"PBANKA_133010",701.412386011322,5.74816592411467,0.991214514691487,3.78138724621207,0.000155956856231009,0.00176169755915004
"PBANKA_133370",879.109367923652,7.16060361356017,1.03146058460207,5.00320001617035,5.63863823275575e-07,1.22803605300754e-05
"PBANKA_133470",452.381717913149,7.61742153941324,1.16594389918677,4.81791752015796,1.45064309716014e-06,2.76624937145099e-05
"PBANKA_133570",135.763289262845,6.13580440436242,0.89717552221803,4.60980521864634,4.03046410645263e-06,7.03715631751096e-05
"PBANKA_133660",1591.61237056212,9.12726446122921,1.18948094025127,5.99191144645296,2.07388851926633e-09,8.09599121955102e-08
"PBANKA_133680",519.139529731388,6.98064229300985,1.17522519806835,4.23803225219832,2.2548738273342e-05,0.00032398152421906
"PBANKA_133810",731.88225907002,7.97982441749491,1.00645493310211,5.94147260927403,2.82472940885799e-09,1.0530387652121e-07
"PBANKA_133820",354.814217004587,7.18752822824734,1.13510143021597,4.57010104133191,4.87489121351656e-06,8.26733600062768e-05
"PBANKA_133890",1666.61645655786,8.50290488140207,1.41746330218657,4.58770598954535,4.48143163440178e-06,7.75906447830735e-05
"PBANKA_133930",188.158798528012,4.92140998047501,0.734476662075628,3.9775395615963,6.96320403809472e-05,0.00087846763139134
"PBANKA_134200",1436.73771319327,6.78317631519017,0.765996778434704,6.24438176484825,4.25479633018377e-10,2.07133496638829e-08
"PBANKA_134230.2",119.69476230801,7.69149335945785,1.03154342142428,5.51745398327437,3.43946104678293e-08,1.01298031058559e-06
"PBANKA_134250",3683.61142189099,7.47302613644646,1.23125818514944,4.44506781961592,8.78641450452149e-06,0.000136684899322218
"PBANKA_134340",1028.1541198541,5.12463130970055,0.73073640339404,4.2760033511231,1.90278359741407e-05,0.000278223269473478
"PBANKA_134350",334.341001672598,6.13082746354644,0.875352775682805,4.7190430855997,2.36956633956176e-06,4.30055504960815e-05
"PBANKA_134370",248.436503096558,5.32167434835092,0.844503717988775,3.93328564172772,8.37925645995298e-05,0.00101088522540191
"PBANKA_134380",595.223055634533,5.81323651706513,0.765225230512604,4.98315576253378,6.25555534966393e-07,1.33430350705718e-05
"PBANKA_134440",467.503638429648,6.05630229278529,1.05766933891879,3.83513272393039,0.000125496507603,0.0014505713644168
"PBANKA_134470",250.26922406718,7.76993103238524,1.36960587316094,4.21284045684523,2.52179193540989e-05,0.000354937926147147
"PBANKA_134500",554.234879888354,4.90874680762421,0.737519642778299,3.94395842348919,8.01475594173849e-05,0.000981214795470825
"PBANKA_134590",391.618912604743,7.04348119885202,1.03453726062289,4.87510831249842,1.08748770268337e-06,2.16347313158836e-05
"PBANKA_134630",599.593445489461,5.61889281814215,0.942444872324772,3.83989867674197,0.000123085099095112,0.00143069140465049
"PBANKA_134720",1149.67814541343,6.01600218175775,0.647593922486499,6.20142043078157,5.59558090548981e-10,2.60163076257493e-08
"PBANKA_135250",1580.10870222204,8.91411894919084,0.989727029170985,6.98588473933287,2.83066400732561e-12,2.60295281384742e-10
"PBANKA_135310",1255.77234810951,4.81060424283443,0.840720142466356,3.34309135806974,0.000828506189255552,0.00798213734959457
"PBANKA_135340",2950.3161329204,9.26842553693585,0.953539407237686,7.62257488444216,2.48664773811528e-14,3.11910944046163e-12
"PBANKA_135350",440.687767564374,5.48003790899425,0.838913568422846,4.14826752121402,3.35000799115455e-05,0.000457502741498269
"PBANKA_135460",458.471718065234,7.64186943281702,1.29406392930683,4.35980735189731,1.30176996634955e-05,0.000198041327968912
"PBANKA_135490",1560.89669549875,8.87680675969992,0.995021215636648,6.91121621492252,4.80516009307509e-12,4.27242332111333e-10
"PBANKA_135570",5394.75932573942,8.54312037532998,1.29816915016331,5.04026796084843,4.64880471503208e-07,1.04547575602189e-05
"PBANKA_135850",310.821301875107,8.34599357744045,1.12300856451154,5.6508861801964,1.59622763850164e-08,5.00393179403014e-07
"PBANKA_135970",117.691426676193,6.08871277808004,1.07478189002481,3.80422559779608,0.000142248497988041,0.00162603393556496
"PBANKA_136040",397.82088197782,5.45714443580163,0.965884459427703,3.57925257214514,0.000344578319591265,0.00363741093486902
"PBANKA_136100",544.191297648208,5.41891302956914,0.76001865487402,4.49845935707441,6.84476782456091e-06,0.000111510430149736
"PBANKA_136180",141.811465656978,5.34507838110758,0.920818028750349,3.63272468247306,0.000280444198064023,0.00300641992639619
"PBANKA_136250",627.510351360855,6.48402807981761,0.890094154518676,5.03770085114464,4.7115704756086e-07,1.05386370962532e-05
"PBANKA_136270",578.197807780164,5.88252104633289,0.805517834893499,4.81990699417129,1.43625162978087e-06,2.76428336931778e-05
"PBANKA_136360",528.543772116993,8.05115302881381,1.27837166415013,4.73348494691224,2.20697338346395e-06,4.05886927145503e-05
"PBANKA_136370",461.804435791258,7.05847618859876,0.849523892809794,5.95448371895449,2.60894098059835e-09,9.99610905344071e-08
"PBANKA_136440",2020.6097711517,8.24118500590285,1.23500939621584,5.05355264909424,4.33666698339279e-07,9.85996042707657e-06
"PBANKA_140090",412.280757659511,7.47476265638796,1.29449417644576,4.22926789166389,2.34453029767224e-05,0.000333686229158545
"PBANKA_140640",229.026322507402,5.21031271932477,0.952673179980983,3.36979437102329,0.000752242956294434,0.0073762591306786
"PBANKA_140920",15232.2942647168,13.2924887832933,1.28453224717655,8.79112907294824,1.48064342807116e-18,5.10575208779873e-16
"PBANKA_141260",330.376888861325,-4.27892148646138,0.507856889253192,-4.48733006223969,7.21212977023698e-06,0.000116577316364221
"PBANKA_141450",657.786409304243,6.31085548246629,0.991645495659704,4.34717396623522,1.37902839381368e-05,0.00020826348516792
"PBANKA_141520",346.941352661825,5.03510635912837,0.921531260155169,3.29354682837055,0.000989318604447826,0.0094110353682876
"PBANKA_141680",499.413487491975,6.83944651387701,0.782938285068605,6.18113407681035,6.36427342902327e-10,2.80163440949982e-08
"PBANKA_141720",947.79185731488,7.03580375784474,1.43462108816391,3.51019777932427,0.000447773502041476,0.0045863533451674
"PBANKA_141740",574.437001588077,7.32660676525495,0.950707115798338,5.6027841558565,2.10935832659506e-08,6.51382444436594e-07
"PBANKA_141930",877.954974608129,8.04277030382207,1.19084971290285,5.07433493777483,3.88853603719321e-07,8.93931228994749e-06
"PBANKA_142150",831.17539261067,6.80315384371708,1.1767267351292,4.08179205955553,4.46897727825054e-05,0.000592712435173101
"PBANKA_142170",397.20332719314,8.14918403310585,1.45730639391092,4.21955469268443,2.44785336240562e-05,0.000345707072137694
"PBANKA_142290",5373.43588610285,11.5385925326624,1.34510550653665,7.09133408963749,1.32825252614017e-12,1.27821138445768e-10
"PBANKA_142300",884.411253309669,8.06501547385612,1.12007085776585,5.4148498122286,6.13401707758524e-08,1.71503801804377e-06
"PBANKA_142310",482.73126944373,5.50398547402744,0.670268612409411,5.22773319405736,1.71600895955328e-07,4.35634667155305e-06
"PBANKA_142370",469.676182477657,7.78746024148509,0.909114286727459,6.36604256030144,1.93967630848144e-10,1.02902314929438e-08
"PBANKA_142450",267.940410059551,6.09142813008835,0.877933881830477,4.66029186794544,3.15761311055926e-06,5.6563649573568e-05
"PBANKA_142920",1039.93457055645,9.59810850874152,1.17766001370905,6.45186931736878,1.10478830211237e-10,6.26248492348083e-09
"PBANKA_142930",124.402519648905,4.47523834395636,0.746576108196296,3.31545346386246,0.000914945733285432,0.00874375391301412
"PBANKA_143030",450.540985184541,7.63125373719062,1.01659161644197,5.53934701615955,3.03601525821093e-08,9.03815189818477e-07
"PBANKA_143060",251.039116321804,6.07391083792427,0.613059013701638,6.6452180734218,3.02768465110097e-11,1.95758735722747e-09
"PBANKA_143220",961.489753867171,9.71868541776864,0.92439833508107,8.34995599282608,6.82884052242072e-17,1.56987456009872e-14
"PBANKA_143230",19741.4112045241,15.7216825616605,1.65691122122444,8.28148327194037,1.21650424156747e-16,2.6494181850559e-14
"PBANKA_143270",271.056868886138,4.68906629353252,0.682175699985911,3.94189692419131,8.08397186216812e-05,0.000985564369435536
"PBANKA_143360",398.941859496935,5.90645577751865,1.07205209343491,3.64390480783649,0.000268532770399904,0.0028937203226948
"PBANKA_143370",728.94270005082,6.81640371671605,0.890765787144346,5.40703716535486,6.40758512782486e-08,1.76763915059595e-06
"PBANKA_143490",83.5718139238786,5.95261940736881,1.17870791336995,3.3533493434079,0.000798398656613228,0.00773717480343218
"PBANKA_143520",513.279541468139,6.73383266252088,0.872980700258264,5.42260861107286,5.87355040119765e-08,1.65338445987455e-06
"PBANKA_143660",1528.08282967812,8.79593897067432,1.38883960243799,4.89324970194155,9.91844336157831e-07,1.99235527331122e-05
"PBANKA_143760",1772.14442317617,9.30979459704024,1.67340179509112,4.36822442672366,1.25260740440734e-05,0.000191610825851633
"PBANKA_143770",851.794448750999,7.18951546579993,1.0847038273998,4.78426952566398,1.71610281229646e-06,3.18440961313127e-05
"PBANKA_143900",178.017113369597,6.92480646386362,0.849299070672759,5.79867167399878,6.68422531874328e-09,2.26715773516063e-07
"PBANKA_143910",1209.54778869879,5.70714903644822,0.922725206919634,4.01760893562659,5.87916589540337e-05,0.000750863841826517
"PBANKA_144480",871.175180846927,7.78602623031018,1.28518400676464,4.5020994658003,6.72854770271588e-06,0.000110050317762207
"PBANKA_144500",735.079046685539,8.3983911806793,1.03752680619683,6.16696469186498,6.96132937407492e-10,3.03220852104442e-08
"PBANKA_144590",1161.39852743023,5.12664175557497,0.79272576934207,3.94416565790458,8.00782901139652e-05,0.000981214795470825
"PBANKA_144930",479.348843421883,6.4215270677674,1.04496190338312,4.23128063659784,2.32364540166715e-05,0.000332707428100299
"PBANKA_144970",993.636340593754,6.15587648290003,1.05030101837401,3.95684323845922,7.59467338131727e-05,0.000944881009000162
"PBANKA_145080",817.512173381033,7.80821948405142,0.875770978831161,6.63212143864747,3.30896158605348e-11,2.10653585278297e-09
"PBANKA_145110",1576.04823440714,10.3899688500863,1.09760949793917,7.64385591217914,2.10811309125345e-14,2.81399095858283e-12
"PBANKA_145120",2237.98960848569,12.0823685906827,1.04024581606115,9.69229429718752,3.25141268339145e-22,3.36358642096845e-19
"PBANKA_145290",152.411339222713,4.99803644816174,0.7405140341333,4.04858829133557,5.15274957838367e-05,0.000668403691390333
"PBANKA_145300",740.326333502993,4.82235944443594,0.739819661291619,3.81492895107506,0.000136222120960345,0.00156579760148307
"PBANKA_145340",1027.05498952534,6.76212436075002,1.11334905443866,4.27729681160149,1.89176495584474e-05,0.000278223269473478
"PBANKA_145390",82.1765084456238,6.81884526178724,1.01299095705688,4.75704667274404,1.96445762791608e-06,3.62898467156997e-05
"PBANKA_145670",3229.93783287587,14.1205929721726,1.44358241437162,8.39619051292513,4.61197132930111e-17,1.1927710850405e-14
"PBANKA_145680",584.877732758347,5.73715851573505,0.738677047876114,5.05925901783512,4.2088881982122e-07,9.62230904099562e-06
"PBANKA_145770",2454.39244750942,9.62201726774452,1.20675905390804,6.31610530955696,2.68237297495768e-10,1.33730835787649e-08
"PBANKA_145910",153.926023672667,5.81453412327149,0.830239557776153,4.5944981632638,4.33791948626942e-06,7.54214740932053e-05
"PBANKA_145950",5993.06523294669,10.3532208580281,1.41151846149669,5.91789699241398,3.26084073311066e-09,1.19410256226654e-07
"PBANKA_146000",660.175447420948,7.9917146915452,1.13045711921425,5.30025826694767,1.15638981926952e-07,3.06739812316491e-06
"PBANKA_146010",143.14503773803,4.83291874406354,0.824731934531657,3.43495701506003,0.000592647826850241,0.0059264824314972
"PBANKA_146060",235.323884867919,5.38357071383599,0.856303210749037,3.95136987852266,7.77051183874478e-05,0.000962705927806165
"PBANKA_146100",756.952088791306,6.22346879406129,0.858777497531159,4.91800123571362,8.74323607723725e-07,1.79106489542613e-05
"PBANKA_146130",2658.48273723507,9.50248103503374,0.897683327400748,8.35760318369425,6.40053169385093e-17,1.55796471465619e-14
