"","baseMean","log2FoldChange","lfcSE","stat","pvalue","padj"
"PBANKA_010600",789.250775877404,-5.39190261602625,0.775429604969845,-4.37422377774467,1.21865320664162e-05,0.000289992890446694
"PBANKA_010790",649.608923123743,-4.76144491655067,0.608187215971502,-4.54045209112067,5.61337334261194e-06,0.000145635852833321
"PBANKA_020820",684.194408362222,-6.35571056981576,0.650482002500602,-6.69612772232193,2.14014689581617e-11,2.16096994669438e-09
"PBANKA_020900",293.252028113831,-8.20759106249406,1.0571289526789,-5.87212283493254,4.30249748856754e-09,2.71415236998604e-07
"PBANKA_020910",1416.887871892,-12.8222251912745,1.14811406282679,-9.42608887189213,4.25665751696924e-21,7.95143624169853e-18
"PBANKA_021130",1088.58631399135,-6.18253696638481,0.618413405104261,-6.76333490164181,1.34851026417147e-11,1.62517236998214e-09
"PBANKA_030260",356.137187969944,-6.36008081719735,0.899958529109763,-4.84475748178123,1.26766424932749e-06,4.01355392837924e-05
"PBANKA_030380",575.045416708337,-7.52267458918122,0.678246121448256,-8.14258189547576,3.86936607541555e-16,1.80699395721906e-13
"PBANKA_030390",693.948057173109,-6.01133868829836,1.0500194821539,-3.82025167768307,0.000133315568264969,0.00236050693382902
"PBANKA_030530",656.869094049226,-5.39758536319847,0.991597489043181,-3.42637552105632,0.000611694062426226,0.00914115606889752
"PBANKA_030550",386.419539533056,-4.58994518443067,0.759168725254333,-3.41155410948074,0.000645936797342364,0.00957626934472647
"PBANKA_030660",1350.04340388508,-10.8157355618235,1.44006957983073,-6.1217427861088,9.25573515512831e-10,6.78027971363909e-08
"PBANKA_030740",579.405285520376,-4.1398775442065,0.615060273281672,-3.47913470787037,0.000503035655603872,0.00770221807104945
"PBANKA_030950",874.641741763682,-9.30161640704453,0.940338711414328,-7.76487909985376,8.17231404466993e-15,3.05317652708868e-12
"PBANKA_031140",1262.02539314935,-8.73788545080783,1.30178038459383,-5.17590027515287,2.26814590726383e-07,9.62931035174734e-06
"PBANKA_031570",143.728851137227,-4.41716978867703,0.685820012580442,-3.52449585071493,0.000424289459705001,0.00655018769197472
"PBANKA_040320",12716.63402268,-14.1507882714888,1.63273573846921,-7.44198095576747,9.91865247133304e-14,3.08800713607502e-11
"PBANKA_040330",2010.80218835992,-8.1035301409388,1.4518581797145,-4.20394376407963,2.62304133266594e-05,0.000553654373945761
"PBANKA_040450",549.152790972451,-4.5965510241781,0.637773985869842,-4.07127145619892,4.6757222702004e-05,0.000929175446886633
"PBANKA_040690",718.521267082572,-6.462816415832,1.20543506457321,-3.70224539420718,0.000213699772455098,0.00362901068132839
"PBANKA_040930",6192.14745912736,-6.68963573119058,1.36599356281968,-3.43313164778775,0.000596652317530568,0.00898827846086372
"PBANKA_041240",662.477168951887,-8.26010365580267,1.48151815329227,-4.22546537272681,2.38447490509963e-05,0.000511976910658174
"PBANKA_041250",273.936279377725,-5.72280316734588,0.968727515623861,-3.8429827864943,0.000121547996866918,0.00216239674426099
"PBANKA_041370",200.832531046707,-6.42298599914542,0.925612544019011,-4.7784421545767,1.7665856924843e-06,5.15622198993856e-05
"PBANKA_041490",355.306471195472,-6.25430792324881,0.669970724277039,-6.34999078182052,2.15327830334375e-10,1.87084831192843e-08
"PBANKA_050180",919.805615437553,-8.99648968312431,1.13396037172034,-6.16995960141875,6.83074431232215e-10,5.31659598975741e-08
"PBANKA_050510",344.209149144032,4.89254827186077,0.792873747638125,3.64818267785674,0.000264101833551824,0.00432514763904245
"PBANKA_050690",311.376675981482,-6.80166787207588,0.983073990389794,-4.884340262295,1.03775732715934e-06,3.4616619413101e-05
"PBANKA_050720",226.858774405929,-5.24723487915634,0.81141997397926,-4.00191637288848,6.28315076900496e-05,0.00118554804409104
"PBANKA_050830",1489.45530706827,-7.45457925826049,1.02836017463706,-5.30415256520954,1.13197613530659e-07,5.28632855188179e-06
"PBANKA_051300",1450.28079490688,-9.62599211105915,1.11175305060489,-6.85942989489431,6.91358961522797e-12,9.10117262273269e-10
"PBANKA_051370",1023.65652662485,-9.54392890705495,1.60518699043523,-4.69971969123017,2.60518829687359e-06,7.29196326175414e-05
"PBANKA_051420",171.350956804287,-6.19450165352153,1.03789886272879,-4.04133948320702,5.31467540651842e-05,0.00103608817922888
"PBANKA_051480",182.902448802098,-4.95901208207598,0.740786439310661,-3.99441988277957,6.48528458577559e-05,0.00121145116062288
"PBANKA_052210",306.240364043141,-5.20697447574585,0.893709634812654,-3.58838525492468,0.000332732375041084,0.00526732268285378
"PBANKA_060370",3870.73720827462,-8.86931576710283,1.39502236624715,-4.92416174342958,8.47227404901925e-07,2.93077924510518e-05
"PBANKA_060550",866.772746941959,-8.56901742562219,1.55267345845707,-4.23077846139649,2.32883949745023e-05,0.000502921639449367
"PBANKA_060580",412.408235428528,-6.55943559783804,1.06713493147528,-4.27259521111803,1.93211011041724e-05,0.000434841167019206
"PBANKA_060590",2248.81746625826,-10.3922036462262,1.15434954681984,-7.27007141757551,3.59297491694553e-13,8.38959643106781e-11
"PBANKA_060800",593.781344938264,-6.37775595147885,0.936333482753966,-4.67542390837385,2.93347032511114e-06,7.99959498877023e-05
"PBANKA_060850",289.807567739686,-5.31234162020914,0.702455099910076,-4.71537842152924,2.41261921936132e-06,6.88056901033123e-05
"PBANKA_060910",7587.93833044787,-8.52276607664539,1.34335075290215,-4.85559416448289,1.20026299806633e-06,3.87545778145964e-05
"PBANKA_060950",2201.86911538229,-6.79292103932091,1.31394643895361,-3.64772938776549,0.000264568075509386,0.00432514763904245
"PBANKA_061490",558.688391619703,-6.09482787230517,0.695659709340342,-5.88625130552419,3.95053476124635e-09,2.54468928758903e-07
"PBANKA_061620",976.671315574435,-5.7525705358988,1.02781310232506,-3.65102422552307,0.000261196598643657,0.00431783403775532
"PBANKA_062070",139.042969920043,-5.27267044143136,0.953821519759692,-3.43111407494337,0.000601107764178816,0.00901903055008858
"PBANKA_062080",337.880385973968,-7.33475456712783,0.791793334322637,-6.73755933003856,1.61069180498697e-11,1.76986605395039e-09
"PBANKA_062250",265.281002665142,-4.52578221129869,0.689975863077754,-3.66068198390595,0.000251544816373219,0.00417676192875709
"PBANKA_070190",3281.31868659106,-10.9385928680909,1.38668154008137,-6.44603148576306,1.1481681934239e-10,1.0213229453885e-08
"PBANKA_070240",1001.67872949228,-5.29040902438499,0.797349355588748,-4.12668424614881,3.68031161907099e-05,0.000751346678079192
"PBANKA_070300",1987.6853767458,-11.2793466420634,1.4343574588041,-6.46934039008659,9.84316389187013e-11,8.96928300000653e-09
"PBANKA_071100",2126.47901258137,-8.46569145839236,1.43169563127163,-4.51610755607989,6.29866814848645e-06,0.000161176878100996
"PBANKA_071220",2748.9993570739,-6.35333594385953,0.733055068647144,-5.93862061672069,2.87430145617788e-09,1.88392811232992e-07
"PBANKA_071270",246.147239045723,-6.30948908833352,0.881325830963269,-4.88977962171306,1.00948930302192e-06,3.42407142584829e-05
"PBANKA_071320",1455.64934479831,-8.17197977846108,1.00426529066734,-6.14576629882308,7.957837918232e-10,6.06744540051321e-08
"PBANKA_071430",4270.15951702337,-7.52421820510028,1.27008578538031,-4.34948431727083,1.36458041675109e-05,0.00031862952731138
"PBANKA_071450",332.987944329959,-7.80117521257853,1.07884385274968,-5.37721487478742,7.56468739879772e-08,3.71864106867214e-06
"PBANKA_071660",246.277912523358,-4.69030773249171,0.55228966773662,-4.87118968478456,1.1092827923032e-06,3.6675048779157e-05
"PBANKA_071920",1400.93727243019,-9.53300125006426,1.35342736642043,-5.56587035031493,2.60847138468707e-08,1.39217844188441e-06
"PBANKA_072100",794.539854336667,-7.83380963158783,1.15930785212338,-5.03214881267531,4.8501253835006e-07,1.81200684327582e-05
"PBANKA_080810",315.924025167012,-6.56684563298026,1.0967414604506,-4.16401293984452,3.12702380763461e-05,0.000644493271121901
"PBANKA_081080",211.492400288685,-6.4999110084375,0.952922562868346,-4.72222107417893,2.33282902369144e-06,6.70419171731632e-05
"PBANKA_081230",236.435619094727,-6.2262203698106,0.788685959539781,-5.35855915613955,8.38882699039095e-08,4.07021527741566e-06
"PBANKA_081580",99.4594930166395,-4.70153912597181,0.608511317071193,-4.4395873177421,9.01315410326167e-06,0.000221533840327537
"PBANKA_081620",359.051125066197,-5.84668718700863,0.672394397971983,-5.72087929139604,1.05974169488976e-08,6.09106918785868e-07
"PBANKA_081730",154.009150396625,-4.95958850287865,0.832919247508891,-3.55327183485102,0.000380471086832294,0.0059226665850227
"PBANKA_081950",193.973765405323,-4.58710196922206,0.616179040258404,-4.19862053103448,2.68545902487165e-05,0.000563644658253961
"PBANKA_082020",11552.3088948655,-11.5555426847301,1.42050975013239,-6.72684061748927,1.73386477701625e-11,1.85077680198078e-09
"PBANKA_082040",476.497629050909,-8.92908041478759,1.20937933254977,-5.72945165201293,1.0075580048342e-08,5.96407721225749e-07
"PBANKA_082090",167.304997518622,-6.79617591438132,1.08554545083492,-4.41821750594823,9.95182445504902e-06,0.00024142867639002
"PBANKA_082590",1562.76857315725,-10.1503653332789,1.37164536271729,-5.94203542315977,2.8150456681734e-09,1.87803761005283e-07
"PBANKA_082820",220.93199511783,-4.51884786276505,0.697341466799517,-3.61207239593169,0.000303759730999941,0.00489157911644732
"PBANKA_082930",464.650368943705,-5.03547181331204,0.892872464723928,-3.39967009090217,0.000674672028128102,0.00983495322193834
"PBANKA_083480",400.769029409514,-4.97751046840532,0.811496460109359,-3.66916014396917,0.000243348610011341,0.00405870717411773
"PBANKA_083540",241.346569469755,-6.30394782237587,1.00469569216256,-4.28383226478439,1.83701425055334e-05,0.000415944560004078
"PBANKA_083570",228.8056746751,-4.8623810034272,0.843174448675792,-3.39476724884462,0.000686869664430645,0.00990789600893007
"PBANKA_090210",1808.04254248146,-7.85405093445433,0.843032864408729,-6.94403644460544,3.81052129387198e-12,5.27263242737249e-10
"PBANKA_090400",426.841040724783,-7.05252029002784,0.999835517275464,-5.05335147904716,4.34123925766893e-07,1.67204843986094e-05
"PBANKA_090610",204.356116630454,-7.84611294282854,1.13544826002317,-5.14872684970185,2.62260470744395e-07,1.100904627754e-05
"PBANKA_090720",255.35680846319,-5.25121777688685,0.766262595330459,-4.24295508706741,2.20595596874203e-05,0.000479154156931408
"PBANKA_090850",354.802191256862,-6.28950365990429,1.14811464420777,-3.73612834009635,0.000186875316750864,0.00320259717147352
"PBANKA_090860",1647.48036674522,-8.04065577616446,1.1867453837135,-5.09010261094286,3.57869806348166e-07,1.42234212395399e-05
"PBANKA_090950",213.872641840706,-5.73263681493588,0.922645898911776,-4.04557893698804,5.21939741443017e-05,0.00102629835475322
"PBANKA_090990",863.989382841478,-4.29727992011263,0.550385695129415,-4.1739455448101,2.99369340727522e-05,0.000621357698310013
"PBANKA_091080",241.366742289906,-7.05897841247228,1.01183688443033,-4.99979640030666,5.73908843277047e-07,2.12289449354757e-05
"PBANKA_091090",3529.15674912193,-15.3288872206603,1.72226476327688,-7.7391627030097,1.00073651134104e-14,3.39886509670011e-12
"PBANKA_091150",149.887112184625,-5.2386038924822,0.761907357087222,-4.25065313040604,2.13148050014615e-05,0.00046842418520859
"PBANKA_091280",174.276241027949,-5.69407740139592,0.838407886397587,-4.40606232518683,1.05266686563022e-05,0.000253726671612547
"PBANKA_091500",1040.76546106427,-11.2080520276513,1.60490643290128,-5.73743854400619,9.61191400986329e-09,5.79195334529827e-07
"PBANKA_091600",1998.7842407866,-6.3994378720985,1.10051397213145,-3.99762109660251,6.39822605289873e-05,0.00120119459967988
"PBANKA_091665",418.056491500187,-8.61637572430477,1.60856502415722,-4.11321620509018,3.90184636778048e-05,0.000792244458153689
"PBANKA_091690",315.207125641876,-4.91973695096632,0.809633185197631,-3.60624663656001,0.000310657886666268,0.00498119255186771
"PBANKA_091700",437.62382295244,-5.88629879643028,0.800458103633331,-4.85509332567203,1.20330059595642e-06,3.87545778145964e-05
"PBANKA_091890",492.181307274049,-6.28446384416788,0.850093587848269,-5.03999077914771,4.65554276334184e-07,1.75687957210557e-05
"PBANKA_092120",4201.66444159854,-11.8375253169481,1.46640422562854,-6.70860404315287,1.96495046270714e-11,2.03918192463164e-09
"PBANKA_092430",472.232186759471,-4.30869371282738,0.520464166659788,-4.43583604927887,9.17156332765016e-06,0.000223953990798046
"PBANKA_092800",346.20082524637,-5.97246536476337,0.863886346257818,-4.59836572481009,4.25818017868144e-06,0.000112826674805346
"PBANKA_092850",658.570046683502,-4.56291234627013,0.690645404752443,-3.7108946626363,0.000206528036864557,0.00352323628185382
"PBANKA_092890",644.97856505659,-5.98892157957813,0.91817870010584,-4.34438479036632,1.39666518047983e-05,0.000324095721383393
"PBANKA_092900",704.319703104821,-5.91306136832892,0.810934426633862,-4.82537334685838,1.3974124541214e-06,4.35061077383128e-05
"PBANKA_092920",618.531066865572,-9.21888321249043,0.691490107860837,-10.4396044577159,1.63490490650316e-25,6.1080047306958e-22
"PBANKA_092970",191.651993725662,-4.57000515291392,0.684570250307408,-3.75418761151227,0.00017390457736874,0.00299404378363876
"PBANKA_093110",1473.99230691909,-8.69276120450642,1.204340256791,-5.55720126996294,2.74134594695238e-08,1.44248851518509e-06
"PBANKA_093350",539.742751337962,-5.04215559082132,0.826788676779835,-3.6794838587653,0.000233706480291767,0.00395080276185539
"PBANKA_093560",951.399237915183,-7.75762416692856,0.952661013314583,-6.04372813252441,1.50593186618184e-09,1.06153989661422e-07
"PBANKA_093600",401.35341732053,-7.05355488081844,0.991816772779331,-5.09525047318675,3.48280475719232e-07,1.39911382503984e-05
"PBANKA_093900",839.703481965118,-6.06187865257631,1.05324477350728,-3.85653815214327,0.000115004155496593,0.0020656515621888
"PBANKA_100170",166.556188448507,-8.23224432504001,0.923146224302099,-6.75109117166308,1.4673735012347e-11,1.66124466685238e-09
"PBANKA_100210",1035.99723057108,-11.6764434027881,1.22380930565263,-7.90682286700526,2.64040906676888e-15,1.09606314149428e-12
"PBANKA_100220",309.540023629215,-11.783027988663,1.77804715301198,-5.50211954283141,3.7525236656893e-08,1.94714283541878e-06
"PBANKA_100230",1521.42266022642,-9.39122743470761,1.11666329643012,-6.61902962006252,3.61564407002831e-11,3.54834001103104e-09
"PBANKA_100250",1687.35156000367,-11.9705170616963,1.35001426036282,-7.385490179205,1.51892748678339e-13,4.36516391586366e-11
"PBANKA_100340",657.200050495891,-5.26275844579409,0.837464159913209,-3.89599770589852,9.77953141305991e-05,0.00177360822131999
"PBANKA_100520",414.112548779505,-6.71227988635554,0.782435230617026,-6.02258142522474,1.71656962502894e-09,1.18761187390891e-07
"PBANKA_100610",511.224891493694,-4.72565101379469,0.666070898195438,-4.09213346684145,4.27422512673718e-05,0.000858521778144629
"PBANKA_100620",1559.79102231295,-11.557374311864,1.3519156486718,-7.06950490679929,1.5548743513154e-12,2.42042107354764e-10
"PBANKA_100630",1492.53876428642,-11.3838037804665,1.3040140292743,-7.19609112310605,6.19632271491155e-13,1.16454791051472e-10
"PBANKA_101040",456.192305117125,-8.37120520340921,1.36076755714293,-4.68206724209843,2.83996284385084e-06,7.80154498869614e-05
"PBANKA_101270",1028.30557634989,-7.41251887233945,1.10724908982066,-4.88825768483236,1.01732314847205e-06,3.42407142584829e-05
"PBANKA_101370",1644.9265301593,-7.92899123295523,1.23405888767843,-4.80446378382243,1.55166782808373e-06,4.79093471547174e-05
"PBANKA_101750",1336.5233564611,-8.10743844860186,1.23592284622325,-4.94160170860588,7.74833779609054e-07,2.7452667835994e-05
"PBANKA_101900",180.120932342882,-7.47789878547645,1.30219473024615,-4.20666637503668,2.59165303203726e-05,0.000550137257255182
"PBANKA_102010",1130.43742214401,-5.89501903756468,0.923374419193471,-4.21824447006754,2.46211788524566e-05,0.000525626995387303
"PBANKA_102250",2748.55843003754,-6.97133251084703,1.22000612247638,-4.07484226452582,4.60455462504157e-05,0.000919925993537718
"PBANKA_102370",451.981622832788,-7.03109716656501,1.04936539967389,-4.79441876788441,1.63147155027018e-06,4.95542903399138e-05
"PBANKA_102570",1222.60266269076,-7.94629971515277,1.24414714126144,-4.77941838062964,1.75803021505003e-06,5.15622198993856e-05
"PBANKA_102680",366.357418754491,-4.9365207863991,0.593474912024417,-4.9480116630074,7.49754175512757e-07,2.71949669875307e-05
"PBANKA_102760",1157.12526682781,-9.35392938364283,1.61594552772653,-4.55085227655481,5.34290513247653e-06,0.000139588066957569
"PBANKA_103450",1689.6788218743,-8.94840383246662,1.43380762576092,-4.84612001472589,1.25899373562685e-06,4.01355392837924e-05
"PBANKA_103480",336.088734163201,-5.55890433189532,0.795064747865558,-4.47624465988413,7.59674256294068e-06,0.00019047939741709
"PBANKA_103740",943.149411192639,-9.63311743109407,1.30036885847049,-5.86996326570925,4.3589170824187e-09,2.71415236998604e-07
"PBANKA_103760",1879.79499799033,-6.26753974734777,1.17008611676042,-3.64720142066396,0.000265112101001264,0.00432514763904245
"PBANKA_110560",256.263501143186,-5.84436826717705,0.718749715355911,-5.34868840299073,8.85939196875655e-08,4.24342158913775e-06
"PBANKA_110760",2770.39948426164,-10.8021509708666,1.05771903134028,-8.32182338603952,8.66203150628661e-17,4.6230499582124e-14
"PBANKA_110770",1262.14611834883,-8.00856154830243,0.865091956891884,-6.94557555463824,3.76920431246945e-12,5.27263242737249e-10
"PBANKA_111090",989.287952703411,-9.92801452119194,1.19840801821166,-6.61545517112164,3.70410225990928e-11,3.54834001103104e-09
"PBANKA_111320",224.44276811035,-4.68846935895318,0.750143215324656,-3.58394144482082,0.000338447990819989,0.0053351970198459
"PBANKA_111410",411.73258526212,-6.65491421811151,1.35082777812823,-3.44597164307767,0.000569010064905597,0.00860656519225632
"PBANKA_111600",1339.53802449794,-8.92174812498801,1.36567641624644,-5.06836615368408,4.01244982311976e-07,1.57794868833425e-05
"PBANKA_111690",579.251759069733,-6.27390414485016,0.90735255070864,-4.7103015707756,2.47350518558897e-06,7.00076922224271e-05
"PBANKA_111830",199.399371270263,-4.53106338412812,0.671123887544662,-3.77138026391541,0.000162347053908513,0.0028342457635617
"PBANKA_111940",153.541553077144,-5.79217778158156,0.893605498207397,-4.24368223918586,2.19881650072211e-05,0.000479154156931408
"PBANKA_111990",150.249441073147,-5.56500590438017,0.705961018457362,-5.04986226034163,4.42128742920291e-07,1.68550304443899e-05
"PBANKA_112370",183.95879601615,-7.25277073912341,1.08694055644451,-4.83262006186038,1.34747797545117e-06,4.23040144225679e-05
"PBANKA_112380",1346.6653053635,-10.1673212792419,0.967917891945163,-8.43803110492001,3.22727754949243e-17,2.00951815415062e-14
"PBANKA_112510",371.475577229606,-6.14544729040949,1.16030958678511,-3.572707954517,0.000353308713734945,0.00554605611140232
"PBANKA_112520",194.729127103079,-5.7595390537133,0.784473958652581,-4.7924332124048,1.64770631911714e-06,4.96437968404972e-05
"PBANKA_112770",200.398939944319,5.23936125110533,0.902551983751853,3.58911321388881,0.00033180473076738,0.00526732268285378
"PBANKA_112810",2751.48820265595,-8.44665273300834,0.747783559900593,-8.62101425961455,6.63636444014604e-18,4.95869150967712e-15
"PBANKA_112900",1328.35633916723,-9.78137830121055,1.15260883026042,-6.75110071771045,1.46727694518904e-11,1.66124466685238e-09
"PBANKA_113140",549.983114389198,-6.05469287932479,0.778607419696724,-5.2076216803895,1.91276404965263e-07,8.30940289477005e-06
"PBANKA_113810",1672.54145562276,-7.64098827462469,1.10629434350917,-5.09899404956864,3.41463284618861e-07,1.3866378601479e-05
"PBANKA_120220",473.777484441827,4.64669052922448,0.734877319318792,3.60154063766437,0.000316336961683036,0.00505057644806761
"PBANKA_120420",2298.20464743593,-8.6480282965178,1.16080400605505,-5.72708938101523,1.02168346248522e-08,5.96407721225749e-07
"PBANKA_120540",829.158648110803,-6.00918792669278,0.939131562834511,-4.26903757189477,1.96318201634078e-05,0.000439188503775399
"PBANKA_120680",583.258187165111,-11.4573273104734,1.39160226203306,-6.79599880547525,1.07564669035756e-11,1.33953867839195e-09
"PBANKA_120840",339.657534550378,-5.18487719076806,0.665641894156015,-4.78467058448335,1.71267988774597e-06,5.07823179414202e-05
"PBANKA_120900",235.903424610564,4.29306619797762,0.632209672483615,3.62706598424758,0.00028666005735602,0.00465635640992213
"PBANKA_120960",225.155257799855,-5.7406630561023,0.932560300991323,-4.01117552626455,6.04171697887439e-05,0.00114577942299872
"PBANKA_120990",2777.76619701784,-7.49710709739376,1.07181878925282,-5.12876537761188,2.91648551813906e-07,1.21066554397417e-05
"PBANKA_121080",707.134968316425,8.39279290487878,1.12015849222657,5.7070431990134,1.14955614181478e-08,6.50718446336369e-07
"PBANKA_121440",366.885732838056,-5.39437700634122,0.992988199133961,-3.41834576614469,0.000630030139138957,0.00937765976025157
"PBANKA_122040",108.049474057955,-5.57204770478392,0.81415010778628,-4.38745591337759,1.14684230227029e-05,0.000274654028287295
"PBANKA_122050",754.874053844644,-4.27863755661475,0.638544079535609,-3.56848905133053,0.000359045854669239,0.00561253269056183
"PBANKA_122060",1043.24963491824,-5.31334665904269,0.860372234179798,-3.85106181651869,0.000117606805794964,0.00210229199258366
"PBANKA_122080",1380.78924050394,-5.68387225108736,0.696997021760591,-5.28534862571151,1.25465585007487e-07,5.64746295889122e-06
"PBANKA_122250",1418.01847682183,-8.30504600523298,1.11881453632716,-5.63547022362718,1.74581308979171e-08,9.5917025050909e-07
"PBANKA_122540",5972.72456083225,-11.0465737868153,1.9693757054066,-4.59362515845982,4.35611553288509e-06,0.000114608786132808
"PBANKA_122720",734.913331607398,-4.82065314591347,0.626837108521597,-4.49981838593765,6.80115436679344e-06,0.000171683194015813
"PBANKA_122730",237.555007809974,-5.3234482247371,0.650928367725167,-5.10570500461014,3.29563478521953e-07,1.35302105028353e-05
"PBANKA_122760",667.195279647643,-6.29098418823868,0.594705855973157,-7.2153050876169,5.38131892734754e-13,1.11692263958725e-10
"PBANKA_122830",4669.30437197986,-5.84125184189924,0.922691944364863,-4.1630924225131,3.13966208094716e-05,0.000644493271121901
"PBANKA_123370",2954.95212245133,-10.1766085029014,1.57429024698102,-5.19383799688878,2.06002417709069e-07,8.8462647420814e-06
"PBANKA_123470",639.690030790232,-7.02767864298677,1.18193373685857,-4.25377369830367,2.10197736345704e-05,0.000464673812418668
"PBANKA_124010",714.119978923849,-6.99207466088188,1.00766934460553,-4.95408011328964,7.26732622720024e-07,2.66183635145295e-05
"PBANKA_124060",3682.09545780271,-7.97510582052106,1.48870436777688,-4.01362819230782,5.97925055648546e-05,0.00113971837137907
"PBANKA_130400",340.181696317279,-4.85739436977171,0.788093666850482,-3.62570401205091,0.000288175283324538,0.00466070501515357
"PBANKA_130550",290.567116619821,-5.1620616157429,0.928092342663261,-3.40705495604998,0.000656679035268773,0.0096970469397792
"PBANKA_130870",248.222233043531,-5.72791361614901,0.755732762499406,-4.93284637259846,8.10398942836029e-07,2.82957986022001e-05
"PBANKA_131050",490.655813614445,-4.51982709930782,0.685191798203027,-3.67755000266536,0.000235484923648732,0.00396293547185434
"PBANKA_131070",1496.9704945142,-8.7186289941687,0.751276294099049,-8.94295354044927,3.7890506147833e-19,4.71863103227681e-16
"PBANKA_131130",1101.73774696237,-7.0021558276499,1.23788167177309,-4.04089982242407,5.32465017162594e-05,0.00103608817922888
"PBANKA_131140",277.441806628021,-8.38391933166822,1.20573416695579,-5.29463252068752,1.19255980833503e-07,5.4661720766225e-06
"PBANKA_131240",338.661625851017,-4.86611202359444,0.661681766816825,-4.33155659915271,1.48058875818852e-05,0.000341449358061255
"PBANKA_131270",8202.96198669272,-12.9258767169605,1.53352654432017,-7.12467401195461,1.04327309419334e-12,1.77166739995742e-10
"PBANKA_131310",1478.38413811158,-6.68740205982649,1.3333804620452,-3.51542728670009,0.000439046970534936,0.00675012132476758
"PBANKA_131410",61188.4946752887,-10.6818658525104,1.63200045704827,-5.31976925313669,1.03898942517517e-07,4.91349935753727e-06
"PBANKA_131820",540.156199932384,-5.93995701203507,0.831228750918422,-4.7399190748417,2.13803593682775e-06,6.19201725580502e-05
"PBANKA_131870",262.333277256098,-8.82114261255961,1.24269473655972,-5.48899292149838,4.0423182120339e-08,2.06878093700803e-06
"PBANKA_132010",685.225025071067,-9.48049141163142,1.22413874648765,-6.11081989937397,9.9120575495684e-10,7.12143211638222e-08
"PBANKA_132510",218.872546047732,-7.50939482353418,1.27929139972813,-4.30659881298743,1.65783890327019e-05,0.000377663789183991
"PBANKA_132760",246.54057275009,-4.7016832027609,0.794867357344554,-3.39891074629926,0.000676547906327129,0.00983495322193834
"PBANKA_132980",1208.81196273398,-5.69539409942236,1.06669828527258,-3.46432927702519,0.000531555422503864,0.00810567778969157
"PBANKA_133110",267.671615618494,-5.62615304397863,0.745652463312996,-4.86306050390732,1.15584496660279e-06,3.78792701335793e-05
"PBANKA_133170",247.010307621218,-7.33397421936839,1.32247451064791,-4.03332856431021,5.49923040004926e-05,0.00105902705023629
"PBANKA_133360",218.76175953129,-4.39792383531746,0.595247701325827,-4.02844703133912,5.61465071021256e-05,0.0010757094899156
"PBANKA_133710",589.489543718322,4.19023051108702,0.644637373477377,3.39761639830503,0.000679756632726991,0.00984329759638774
"PBANKA_133760",2988.77007076048,-8.15258549810131,1.38154940032592,-4.45339522180666,8.45229641364698e-06,0.00020912436689659
"PBANKA_134090",547.028606239698,-5.7964677155972,0.722786715806259,-5.252542185093,1.50014090549923e-07,6.67205526541086e-06
"PBANKA_134250",3683.61142189099,-7.69599486353012,1.31604934755328,-4.32810127835996,1.50400310446855e-05,0.000344721202349356
"PBANKA_134260",370.698569809565,-4.58512083465241,0.760523450986861,-3.39913362473956,0.000675996807280231,0.00983495322193834
"PBANKA_134270",283.321206442945,-5.73724276146893,0.857067056568987,-4.36050217170856,1.29764294068362e-05,0.000304905284678868
"PBANKA_134440",467.503638429648,-7.97326683109861,1.12840811779059,-5.29353408303568,1.19974868919445e-07,5.4661720766225e-06
"PBANKA_134470",250.26922406718,-8.38762332922022,1.4608853250604,-4.37243308536632,1.22869482304419e-05,0.000290531889803362
"PBANKA_134630",599.593445489461,-5.78702706860104,1.0071827733183,-3.7600196994277,0.000169899977592445,0.00295230844783894
"PBANKA_134980",6072.62227772173,-11.3739085854514,1.27345268319405,-7.36101836303797,1.82512454997756e-13,4.63052789302528e-11
"PBANKA_135030",657.066054829684,-4.41690396176916,0.477790668270533,-5.0584997202178,4.2256786972527e-07,1.64449329301418e-05
"PBANKA_135250",1580.10870222204,-7.17120053326199,1.05716651053978,-4.89156673211451,1.00036464694925e-06,3.42407142584829e-05
"PBANKA_135530",227.583122793116,-4.58403147358307,0.666580628508369,-3.87654750688668,0.000105949130915972,0.00191220267199069
"PBANKA_135560",2329.38448864859,-11.7537389397157,1.35039127974719,-7.22289834509431,5.08910576719263e-13,1.11692263958725e-10
"PBANKA_136100",544.191297648208,-5.33534212612459,0.812336494979521,-4.10586271420525,4.02808673615645e-05,0.000813455786285432
"PBANKA_136140",160.970330231684,-6.59689247641997,0.991944699352785,-4.6342225321828,3.58281426904892e-06,9.69449956683028e-05
"PBANKA_136250",627.510351360855,-6.24026205332925,0.95113998555171,-4.45808410721969,8.26954562758871e-06,0.000205966816431143
"PBANKA_136370",461.804435791258,-7.43812384279022,0.906096778388329,-6.00170309893716,1.95258502176786e-09,1.32633775296813e-07
"PBANKA_136480",328.387357445,-4.61896406031717,0.685768655909548,-3.81901977838807,0.000133983021039413,0.00236113474812853
"PBANKA_140080",7651.18045315977,-11.4283483418729,1.50648616023944,-6.25850312516271,3.88690109687408e-10,3.22699166620479e-08
"PBANKA_140450",388.049788082438,-7.53710190905732,1.36295709457944,-4.06256508812985,4.85364080854346e-05,0.000959428680461289
"PBANKA_140870",119.961512321347,-7.81674108879204,1.38695720393386,-4.19388649649311,2.74215230303864e-05,0.000572328547718009
"PBANKA_140920",15232.2942647168,-8.22051196539774,1.37203583587199,-4.5337824295561,5.79367081452522e-06,0.000149276925262526
"PBANKA_141060",397.337868450286,-6.42450870895706,0.808976918412338,-5.46926446015346,4.51907033622061e-08,2.28151983461084e-06
"PBANKA_141150",344.554737078864,-5.47516054276871,1.02042953888425,-3.40558599133509,0.000660222174674813,0.0097109844275004
"PBANKA_141680",499.413487491975,-8.00808355666746,0.835005789961443,-7.19525975615677,6.23419652309805e-13,1.16454791051472e-10
"PBANKA_141750",140.336245117653,4.23807803189185,0.595491990516423,3.7583679840109,0.000171025233680559,0.00295810311588226
"PBANKA_142270",748.931792914101,-4.54219553909444,0.666542241389115,-3.81400514661509,0.000136732618286883,0.00239827728600843
"PBANKA_142290",5373.43588610285,-9.09902886474617,1.43688153315169,-4.94058048694869,7.78903316545867e-07,2.7452667835994e-05
"PBANKA_142310",482.73126944373,-6.64664265375921,0.715715847385917,-6.49230091904577,8.45351896215222e-11,7.89558671065018e-09
"PBANKA_142420",475.118495977203,4.11082978251626,0.574184769123798,3.6762204363891,0.000236714998682585,0.00396577235461049
"PBANKA_142520",918.886796051198,-10.3784193098362,1.18483302738393,-7.07139243774751,1.53386674829576e-12,2.42042107354764e-10
"PBANKA_142650",320.260624131267,-5.20504050111772,0.682080437931505,-4.69891866542516,2.61542579516877e-06,7.29196326175414e-05
"PBANKA_142660",222.981060183157,-5.5218561794699,0.733473769417379,-4.80161162718527,1.57393729421236e-06,4.81986043539129e-05
"PBANKA_142920",1039.93457055645,-10.8425190203163,1.25516961875851,-7.04487974227934,1.85621750104866e-12,2.77393143356712e-10
"PBANKA_142940",164.348321981645,-5.54612341084606,0.894512564055695,-3.96430810850552,7.36091304172622e-05,0.00134805740803378
"PBANKA_142970",341.646768193209,4.26949810383228,0.570743221930764,3.97639081223744,6.99691026903312e-05,0.00128770722980826
"PBANKA_143000",222.744469750256,-5.74056943071777,0.692328555210542,-5.40288191576937,6.55786334635618e-08,3.26669032826489e-06
"PBANKA_143200",340.322184929561,-4.17271915942772,0.629232931598511,-3.45296479303478,0.000554461363587836,0.0084206002209925
"PBANKA_143230",19741.4112045241,-14.6014342051079,1.76622360051928,-7.13467660685941,9.70149795696432e-13,1.72594268415327e-10
"PBANKA_143270",271.056868886138,-6.98567289511297,0.727162226378206,-6.85634197467218,7.06461472321328e-12,9.10117262273269e-10
"PBANKA_143280",4799.2441247056,-7.70488854469437,1.41425149235771,-4.03385718560119,5.48686730845053e-05,0.00105902705023629
"PBANKA_143360",398.941859496935,-8.41984093592578,1.14437016393176,-5.60993386429167,2.02403950265282e-08,1.09591472201608e-06
"PBANKA_143370",728.94270005082,-8.99547679594514,0.950659363719198,-7.35855245624176,1.85915199131101e-13,4.63052789302528e-11
"PBANKA_143590",691.014607203684,-9.76080118541818,1.2447286721913,-6.23493405334316,4.51968451265736e-10,3.67076985636693e-08
"PBANKA_144500",735.079046685539,-6.38220132740567,1.10831435543248,-3.95393356219381,7.68767644224213e-05,0.00140103215552276
"PBANKA_144930",479.348843421883,-7.33909050022454,1.11587347445894,-4.78467373087557,1.71265306012881e-06,5.07823179414202e-05
"PBANKA_144960",123.239748264968,-6.60921669448564,1.15643339225286,-3.98571740090138,6.72765460647776e-05,0.00124428304999014
"PBANKA_144970",993.636340593754,-6.47685733310798,1.12256651931796,-3.98805527874464,6.66171430731862e-05,0.00123821714687275
"PBANKA_145080",817.512173381033,-6.30767245739147,0.935606177019284,-4.60415136539087,4.14151170836612e-06,0.000110519198160399
"PBANKA_145120",2237.98960848569,-7.13509014187523,1.10841168655683,-4.63283652108258,3.60689357545345e-06,9.69449956683028e-05
"PBANKA_145200",1141.38490509535,-6.89535366863315,0.939607582853938,-5.20999804382605,1.88842622504157e-07,8.30018867853565e-06
"PBANKA_145290",152.411339222713,-6.89550601601938,0.788661246759406,-6.20736220542713,5.38813164778644e-10,4.28299145449578e-08
"PBANKA_145300",740.326333502993,-6.84120017213336,0.789936205002144,-6.12859638724904,8.86577130519298e-10,6.6245043192402e-08
"PBANKA_145490",1058.51379382103,-7.68158738195417,0.652930725736785,-8.70166950030251,3.27036855854323e-18,3.05452423367938e-15
"PBANKA_145500",456.987040132489,-6.09175795203001,0.873870992042352,-4.68233639666541,2.83623532485497e-06,7.80154498869614e-05
"PBANKA_145550",132.298132873734,-4.16448072426457,0.609393796389614,-3.5518588096698,0.000382520057663,0.00592985450385464
"PBANKA_145670",3229.93783287587,-11.719973629531,1.53283383524388,-6.34117893671397,2.28013522658947e-10,1.93604209239506e-08
"PBANKA_145680",584.877732758347,-5.90212450656476,0.789258141557643,-4.94404086711568,7.65196518231485e-07,2.7452667835994e-05
"PBANKA_146000",660.175447420948,-8.87843574195106,1.20680010702346,-5.6997308020767,1.19996763125216e-08,6.69116279157922e-07
"PBANKA_146020",497.656710523574,-5.18913997695508,0.708118521725983,-4.50368106342115,6.67864144822307e-06,0.000169737445241914
"PBANKA_146050",260.517988481499,-6.23639456602695,0.73314712754343,-5.77836890696403,7.54282804229336e-09,4.61967304360787e-07
"PBANKA_146060",235.323884867919,-5.89419347695243,0.914561563715252,-4.25798943608884,2.06273693939345e-05,0.000458713405093686
