"","baseMean","log2FoldChange","lfcSE","stat","pvalue","padj"
"PBANKA_010290",373.728416286429,4.91850956797684,0.823646653638694,3.54340001878657,0.000395003054655799,0.00434838108472782
"PBANKA_010400",352.969854183932,-4.53300122983344,0.434065662825977,-5.83552546714334,5.36213052818206e-09,1.91708464847023e-07
"PBANKA_010460",563.974020003931,4.09561740086942,0.402121457469855,5.21140407193147,1.87416745045082e-07,4.89260655816289e-06
"PBANKA_010500",317.788076031697,-4.20774653848371,0.430250440005677,-5.13130570756552,2.87739137174215e-07,7.05232338093029e-06
"PBANKA_010580",387.481189161559,-4.37654026270889,0.625916682695834,-3.79689554282703,0.000146519492534584,0.00183008481540793
"PBANKA_010600",789.250775877404,-4.75415177478406,0.444447322177131,-6.19680136960398,5.76221433228864e-10,2.52307294976729e-08
"PBANKA_011140",297.030340361456,-3.31462239005938,0.371090874827516,-3.54258883533696,0.000396219944674725,0.00434949049126029
"PBANKA_011210",1247.29360255429,4.81915027756951,0.71019254660126,3.96955767990104,7.20061751168629e-05,0.00100217165868005
"PBANKA_020170",1363.77474722244,5.50245206602969,1.01180531789105,3.46158693189121,0.000537000660130883,0.00558051086008014
"PBANKA_020290",446.64767638811,-4.10776327791196,0.419468246992814,-5.02484584476325,5.03837077814898e-07,1.15497240720274e-05
"PBANKA_020320",511.691600407708,4.13739623620769,0.520397641361669,4.10723659433773,4.00421012711157e-05,0.000591076017627038
"PBANKA_020680",254.910515098169,3.26327991073549,0.340614582472995,3.70882509363982,0.000208223195654289,0.00248148560692588
"PBANKA_020820",684.194408362222,-6.72717096034285,0.372568310119404,-12.6880650660488,6.88661507771301e-37,8.9457129859492e-34
"PBANKA_020910",1416.887871892,-7.14867831967796,0.62390924631058,-8.25228725191061,1.5539136603211e-16,2.42224061370853e-14
"PBANKA_020920",237.535484942372,-3.69486542521705,0.431528014021165,-3.92759072446667,8.58010589533649e-05,0.00116099557896272
"PBANKA_020970",991.78904499717,-4.16779646563464,0.591708431048727,-3.66362274370926,0.0002486729663911,0.00290143278450933
"PBANKA_021060",3971.41612616003,-4.27261191730062,0.678646840386894,-3.34874014296598,0.000811798954647185,0.00802939219862965
"PBANKA_021070",142.083004766867,3.46603966090482,0.362149125194816,4.04816568344924,5.16206010447866e-05,0.000739578978939461
"PBANKA_021080",223.377669138257,-3.38161995975548,0.417279834154878,-3.31101540661242,0.000929580904625805,0.00910195172192654
"PBANKA_021090",176.332843840816,-4.03160345917375,0.390832324560255,-5.19814593498532,2.0128608068769e-07,5.16060431868373e-06
"PBANKA_021130",1088.58631399135,-6.76002338446015,0.35452020726622,-13.4266630981791,4.22002814719139e-41,1.64454496896049e-37
"PBANKA_021300",598.746260365464,-3.63858657444145,0.372346611923218,-4.40070225421937,1.07901099740451e-05,0.000185238143475127
"PBANKA_021410",90.9039263348496,-4.13551157828482,0.612053011612129,-3.48909577727581,0.000484657460708537,0.00511845562162918
"PBANKA_030100",709.527845887998,4.48991568318199,0.627584646549444,3.96745793076986,7.26433299489593e-05,0.0010074414833135
"PBANKA_030260",356.137187969944,-5.82020298052286,0.514893416516002,-7.41940537203225,1.17647319365868e-13,1.16547211959181e-11
"PBANKA_030330",168.796994082748,3.9641864210402,0.378555519155576,5.18863501296088,2.11841143244181e-07,5.36068139754919e-06
"PBANKA_030380",575.045416708337,-5.78945712438108,0.385932349402622,-9.81896731447031,9.32943311917374e-23,3.02973340545167e-20
"PBANKA_030500",1665.60410421808,5.86546612838244,1.02596216255832,3.76764979201923,0.000164791661344238,0.00201947517062419
"PBANKA_030530",656.869094049226,-4.00342600139075,0.568167402116827,-3.52611922811229,0.000421697077172248,0.00460323111972059
"PBANKA_030660",1350.04340388508,-6.54422632177251,0.816981538633247,-5.56221420789347,2.66373039689213e-08,8.17366720999105e-07
"PBANKA_030870",169.87606366878,-3.55795132968353,0.444807888940754,-3.50252630049698,0.000460868281656358,0.00494766857745131
"PBANKA_030950",874.641741763682,-4.61119733443676,0.534263508361019,-4.88747087078292,1.02139601826766e-06,2.21132237954948e-05
"PBANKA_030960",166.166625930837,-4.25104879218691,0.405009504122354,-5.55801473613534,2.72860353540587e-08,8.30731873240365e-07
"PBANKA_031060",1179.06477136274,-5.38549457080013,0.49511553423987,-6.83778701469695,8.04258463002807e-12,4.67790332883871e-10
"PBANKA_031120",2169.1061805868,-4.745559170152,0.790961099224446,-3.4711683960742,0.000518198919989612,0.00541769636449328
"PBANKA_031160",713.697180516001,4.08066029552722,0.482468012444971,4.31253521862143,1.61393163717194e-05,0.000263158643935525
"PBANKA_031210",265.570105831563,4.1342036287866,0.449477915497714,4.74818351514192,2.05251757828114e-06,4.14438393915109e-05
"PBANKA_031330",1416.42056888768,4.77741102524971,0.638469930288751,4.35010466975885,1.36072564846306e-05,0.000226613156070963
"PBANKA_031360",113.893912395382,4.70491398114694,0.706060338694925,3.83099550124381,0.000127625839272017,0.00161955559260263
"PBANKA_031410",302.280154874076,-3.66605968748035,0.355934726532375,-4.68080117866447,2.85755969365231e-06,5.54025379411097e-05
"PBANKA_031560",1992.34492365954,-4.32628366187934,0.453500884554761,-5.12961218182241,2.90339706347772e-07,7.07158647273293e-06
"PBANKA_031570",143.728851137227,-4.23818959328226,0.392944930903085,-5.69593705697728,1.22696140399957e-08,4.09906667746193e-07
"PBANKA_040190",365.391310917668,-3.40195627357844,0.357984381348153,-3.91624983274058,8.99370484163673e-05,0.00120856785406408
"PBANKA_040280",314.857935828522,4.58162982236267,0.689813179989639,3.7425057932373,0.000182194331141453,0.00221878533893201
"PBANKA_040320",12716.63402268,-11.5810153304991,0.931807438597716,-10.2821837792126,8.4784436097284e-25,3.6711660830124e-22
"PBANKA_040330",2010.80218835992,-6.91937380072403,0.832162044407844,-5.91155753111113,3.38887857975811e-09,1.29186782025394e-07
"PBANKA_040450",549.152790972451,-4.58095341231471,0.365661274388342,-7.05831761001212,1.68530511415682e-12,1.17279179104806e-10
"PBANKA_040460",584.230598891143,-4.12796497428957,0.361122001581061,-5.89264837083572,3.80054582052647e-09,1.41054543453254e-07
"PBANKA_040930",6192.14745912736,-7.48426996502817,0.783440815029782,-7.00023519303074,2.55533177777343e-12,1.6878182945734e-10
"PBANKA_041020",125.236153180982,4.55316303657634,0.446110757737368,5.72315953447468,1.04560992795007e-08,3.60596627364729e-07
"PBANKA_041220",326.598532094368,-3.63810382564262,0.49528956344234,-3.30736592602021,0.000941777817411968,0.00919826605126426
"PBANKA_041240",662.477168951887,-4.77012848698569,0.844253118726626,-3.28115872543513,0.00103381548399515,0.00997222510180467
"PBANKA_041260",166.292538932594,-3.75578776848919,0.505526185899107,-3.47318856562578,0.000514313871172637,0.00540237508344951
"PBANKA_041370",200.832531046707,-5.52068075684986,0.528413176375098,-6.66274217649462,2.68764921519228e-11,1.43476287556223e-09
"PBANKA_041440",491.74037261715,-3.75325300622612,0.4316853565332,-4.06141412881416,4.87763594015813e-05,0.00070400545402949
"PBANKA_041480",321.719667479754,-4.70087133254855,0.396213036069888,-6.81671496561295,9.31458101833778e-12,5.19147177108078e-10
"PBANKA_041490",355.306471195472,-4.08930039265247,0.381743585276829,-5.47304649831214,4.42363980546249e-08,1.29615972345017e-06
"PBANKA_050220",666.56345214415,-5.23014056213553,0.568460462472238,-5.68226072942282,1.32925807575694e-08,4.3530409422057e-07
"PBANKA_050330",864.583872057457,4.66590977981196,0.67098200335772,3.9731464725898,7.09294016442568e-05,0.000990723577805264
"PBANKA_050510",344.209149144032,4.29935405520443,0.513957359884309,4.47382260606603,7.6833492225244e-06,0.000136100054182625
"PBANKA_050650",549.699851430688,-4.96976646534513,0.519478414120345,-5.71682361503694,1.0853367102119e-08,3.6778757910398e-07
"PBANKA_050670",315.640347584828,-3.5992419593725,0.437796814805252,-3.65293192021943,0.000259262987289253,0.00298699819778467
"PBANKA_050680",431.670256347513,-3.89846640496625,0.39102617015937,-4.85508784282263,1.20333389044401e-06,2.54858270166321e-05
"PBANKA_050720",226.858774405929,-4.14123501543096,0.463878550221517,-4.61593883659515,3.91322193925834e-06,7.40282810548046e-05
"PBANKA_050830",1489.45530706827,-5.36453719322362,0.588116157201134,-5.72087189244311,1.05978785052757e-08,3.62280109956663e-07
"PBANKA_050840",160.700734100285,-3.97972089889354,0.423936255255915,-4.66985513588228,3.01412209294334e-06,5.81486821594068e-05
"PBANKA_050900",580.742878964298,5.14946095642346,0.822255227793765,3.83027173311374,0.00012800182769351,0.00161955559260263
"PBANKA_051150",236.025211803792,-4.07555964191202,0.316863707748208,-6.55032302898297,5.74127572687786e-11,2.98316686768573e-09
"PBANKA_051300",1450.28079490688,-4.97339956698183,0.618948331071644,-4.80395441382595,1.55562261330261e-06,3.22460708725546e-05
"PBANKA_051370",1023.65652662485,-6.74249666669931,0.9173454078985,-5.1698047713169,2.34338673345331e-07,5.85396032068432e-06
"PBANKA_051480",182.902448802098,-4.49536689962262,0.424026238520968,-5.88493511233322,3.98210190502388e-09,1.46398595508284e-07
"PBANKA_051490",21924.7440650626,4.6782019814931,0.763981225878136,3.50558612014937,0.00045560308055559,0.0049166446727664
"PBANKA_052290",2839.45718902942,-4.47782801230818,0.483667213858106,-5.12300181056949,3.00709460750658e-07,7.2337331391686e-06
"PBANKA_060060",876.180689133035,5.11797686904242,0.636526078538741,4.89842753371597,9.66066543540231e-07,2.11503444953724e-05
"PBANKA_060370",3870.73720827462,-7.46396560885129,0.799622704056266,-6.83317967478174,8.30528250101462e-12,4.75965969212559e-10
"PBANKA_060550",866.772746941959,-5.85519808926631,0.888665908725859,-4.33818609604792,1.43663488223557e-05,0.000237227378647119
"PBANKA_060590",2248.81746625826,-8.93268469967761,0.659615944159618,-10.5101836319469,7.75424139683068e-26,3.77728484043114e-23
"PBANKA_060800",593.781344938264,-4.28837058750463,0.531656816977642,-4.3042250459865,1.6757126046075e-05,0.000272093834173143
"PBANKA_060810",374.668083342029,-4.03237751002605,0.388192697322783,-5.23548620064876,1.64551119194643e-07,4.36228375171104e-06
"PBANKA_060910",7587.93833044787,-6.56197093059193,0.770266242601846,-5.92258972064291,3.16910801124207e-09,1.22277365542677e-07
"PBANKA_061080",879.852323491397,-3.81646114690189,0.496347043199807,-3.65965944954902,0.000252550657202634,0.00292913664023412
"PBANKA_061180",650.391352186791,-3.46789046585838,0.267288512860589,-5.49178283102645,3.97896481709851e-08,1.17469893122977e-06
"PBANKA_061240",2835.75378047682,4.41757162873673,0.691867885866345,3.4942677325014,0.000475364042173729,0.00504766668215538
"PBANKA_061420",567.4616978152,-4.11007482198958,0.553893078412142,-3.80953455500578,0.00013922864772946,0.00174461106174182
"PBANKA_061490",558.688391619703,-4.84968705179929,0.398121129546502,-7.15783926124533,8.19585715118586e-13,5.91467691077246e-11
"PBANKA_061500",313.29137325769,-3.02797241440979,0.294140569695898,-3.49483383224753,0.000474356980855017,0.00504766668215538
"PBANKA_062080",337.880385973968,-4.49919770692019,0.448568612702179,-5.57149483077965,2.52562860152909e-08,7.81140846044354e-07
"PBANKA_062190",368.15999483846,-5.45455795396472,0.411628977413367,-8.39240710329189,4.76288320179809e-17,7.73373159891965e-15
"PBANKA_070190",3281.31868659106,-5.29750177460298,0.788395702505224,-4.1825466122212,2.88261892272118e-05,0.000442266375663167
"PBANKA_070240",1001.67872949228,-4.04409193210373,0.457069869383904,-4.47216513059373,7.74315964609598e-06,0.000136538882990208
"PBANKA_070260",238.015096679218,-3.82268160519353,0.552092219010205,-3.30140788519217,0.000962009177765711,0.00937237441438244
"PBANKA_070300",1987.6853767458,-8.42529530841253,0.817821146408438,-7.85660206590402,3.94694262293093e-15,4.96168883921349e-13
"PBANKA_070480",1313.48392443155,5.13738866669267,0.791313162200299,3.96478766758909,7.34613080702256e-05,0.00101517275726833
"PBANKA_070590",443.445960615464,-4.13552450004104,0.418912997255472,-5.09777570529448,3.43667671378267e-07,8.11680554764306e-06
"PBANKA_070710",5473.03255883622,4.51359436805225,0.746504144087573,3.36715393740317,0.000759482810160105,0.00760849488738799
"PBANKA_070770",2666.1818290016,7.32318352109448,0.938189447173747,5.67388978540564,1.39590960239842e-08,4.53321643378888e-07
"PBANKA_071030",312.314764655847,-3.62701055445809,0.346409768369885,-4.69678023837024,2.6429454101163e-06,5.1497791316116e-05
"PBANKA_071100",2126.47901258137,-6.26071134643826,0.820283899370009,-5.19419112055052,2.05611833326545e-07,5.23705434296434e-06
"PBANKA_071120",1440.12595582096,-4.88915511857735,0.503957159607133,-5.73293793629131,9.87057589887698e-09,3.43443163195746e-07
"PBANKA_071190",19020.6503409163,-4.4512924734105,0.541090836927387,-4.53027903287051,5.89058354648048e-06,0.000108281151323747
"PBANKA_071220",2748.9993570739,-5.24914493579909,0.419740999217571,-7.74083289899186,9.87676372033057e-15,1.09970709194652e-12
"PBANKA_071430",4270.15951702337,-5.23905431574519,0.722266144334955,-4.48457170691232,7.30605341897713e-06,0.000130604083365843
"PBANKA_071440",441.66433728687,-5.03602609266262,0.505781610473901,-6.00264230606954,1.94131982590602e-09,7.88054516828726e-08
"PBANKA_071660",246.277912523358,-3.49740857277777,0.315834126145424,-4.74112342150225,2.12536403762986e-06,4.22578757889978e-05
"PBANKA_071920",1400.93727243019,-7.88685089638819,0.774109626693205,-7.604673412389,2.85624247277638e-14,3.00831808551609e-12
"PBANKA_071930",338.507623186542,-3.66183076854937,0.457391610693358,-3.63327776394983,0.000279843483152888,0.00320750015837296
"PBANKA_072100",794.539854336667,-4.70341354009189,0.658737402942761,-4.10393204942516,4.06186811421562e-05,0.000595078948913469
"PBANKA_080180",989.68747539195,4.96465294958116,0.789054563826921,3.75722172520309,0.000171810256092466,0.00209888579307943
"PBANKA_080190",1087.82525126984,-5.18169763999563,0.621322711606131,-5.12084554541855,3.04168706731021e-07,7.2720579762625e-06
"PBANKA_080200",861.330289456673,4.53709925999636,0.544800011586168,4.6569368686496,3.20948808880335e-06,6.16126851333333e-05
"PBANKA_080230",13847.5127248482,-5.35689564735262,0.746767914940614,-4.49523282962629,6.9493864516342e-06,0.00012596166977683
"PBANKA_080450",612.315024243305,5.30524908424408,0.824979738076637,4.0064609246646,6.16353163818908e-05,0.000876616160365797
"PBANKA_080460",355.260509533492,-3.61794141576666,0.420600731745629,-3.84673942209201,0.000119700156950376,0.00153444576195927
"PBANKA_080650",251.559546762119,-4.42029907595499,0.409504047342719,-5.910317838518,3.41448256315513e-09,1.29186782025394e-07
"PBANKA_080810",315.924025167012,-5.34304787766877,0.627602798987924,-5.3266937035013,1.00016611261937e-07,2.76598815164447e-06
"PBANKA_080880",188.672629612876,-4.58325208543997,0.395736716980408,-6.52770383590124,6.67855862530413e-11,3.42451881089608e-09
"PBANKA_081230",236.435619094727,-3.70754847907741,0.44766023472099,-3.81438498807395,0.00013652249888405,0.00171621992951982
"PBANKA_081260",496.476639734799,5.33846082781059,0.965656169544218,3.45719411639685,0.000545831513987041,0.00565719523938164
"PBANKA_081300",2454.88549517485,-5.48183656872758,0.469427730983612,-7.41719404056496,1.19627623258077e-13,1.16547211959181e-11
"PBANKA_081620",359.051125066197,-4.69754347258408,0.384178112963245,-7.021595925331,2.19348138302179e-12,1.47379257752344e-10
"PBANKA_081660",399.053134818696,-4.41750746320188,0.584977790893453,-4.13264828312465,3.58607265063999e-05,0.000541663764323412
"PBANKA_081960",613.397860376718,4.34885567179482,0.570159670882415,4.11964541118733,3.79455895470695e-05,0.000568746009480499
"PBANKA_082010",104.70500926581,4.76021332804403,0.715624477241816,3.85706947683307,0.00011475455301949,0.0014759026175477
"PBANKA_082020",11552.3088948655,-7.64523721534643,0.795633906021384,-7.09526978755316,1.29099389515479e-12,9.14727856257857e-11
"PBANKA_082040",476.497629050909,-6.94042551237797,0.688594066516286,-7.17465594406356,7.24892523402763e-13,5.48873774846534e-11
"PBANKA_082060",145.654455621973,-3.74365486079123,0.523037517648864,-3.33370896342051,0.000856962738705334,0.00845464251325237
"PBANKA_082110",216.891639273004,3.54002715393555,0.420527353750398,3.6621331292747,0.000250123809734118,0.00290964921353391
"PBANKA_082190",244.296874657259,-3.69587408974427,0.396773116788161,-4.27416580909565,1.91854227676378e-05,0.000307677335495821
"PBANKA_082260",935.895468746333,-5.00976271114254,0.567668238769229,-5.30197482541573,1.14556641660315e-07,3.12186875909264e-06
"PBANKA_082590",1562.76857315725,-6.05730095398956,0.778482182815602,-5.21180965159045,1.87007377398191e-07,4.89260655816289e-06
"PBANKA_082650",975.345539148814,-4.78586434041186,0.444114634478632,-6.27284967468438,3.54499137000287e-10,1.64462278201204e-08
"PBANKA_082750",366.587724933129,3.7359961519782,0.500824612637334,3.46627563457089,0.000527721973928355,0.0054987500866278
"PBANKA_082910",464.797836290253,-3.80666152727476,0.343018090865464,-5.2669569780311,1.38703695855021e-07,3.7536687690765e-06
"PBANKA_083100",6270.8927209057,5.66800863620707,0.957536388325939,3.83067284014119,0.000127793328881849,0.00161955559260263
"PBANKA_083170",97.4601532633032,-4.10188689379437,0.45274910719904,-4.64249815266964,3.44221717478023e-06,6.54357089274076e-05
"PBANKA_083340",286.439126903572,-3.80862226136668,0.279045185510539,-6.48146735826184,9.08348217958696e-11,4.37836057971711e-09
"PBANKA_083480",400.769029409514,-4.2026215348533,0.464690265283007,-4.73997778608908,2.13741650976218e-06,4.22817875052955e-05
"PBANKA_090190",1754.34667660763,4.69579049731067,0.754263353045544,3.5740706298744,0.000351474053581111,0.00391341253373025
"PBANKA_090210",1808.04254248146,-5.34953894527069,0.48212078376249,-6.94750995617894,3.71789834851491e-12,2.2638515412754e-10
"PBANKA_090320",282.054144587474,-3.25765336565762,0.35704832949678,-3.52236171341325,0.000427720122208493,0.00465593663756005
"PBANKA_090380",1324.65845178038,5.09334710536944,0.738436634101552,4.18904881274353,2.8012614545794e-05,0.000433195074940315
"PBANKA_090440",292.286175576702,-4.2876878018489,0.427206584717778,-5.3549919024778,8.55602487644649e-08,2.41614702489217e-06
"PBANKA_090710",819.798652438516,4.54694800105692,0.72339305633728,3.52083556614816,0.000430189294463817,0.0046697706978426
"PBANKA_090990",863.989382841478,-4.19390362046145,0.315628522104601,-6.95090420166266,3.62952287829603e-12,2.2638515412754e-10
"PBANKA_091090",3529.15674912193,-9.63637991692966,0.947679387576012,-8.05797827518662,7.75665995251594e-16,1.07956085124838e-13
"PBANKA_091280",174.276241027949,-5.03417979480216,0.479064879891458,-6.33354671185586,2.39588725760571e-10,1.12491236661319e-08
"PBANKA_091290",437.851750160603,-4.62879798178931,0.488165181304928,-5.3850583418551,7.24211538235224e-08,2.07518556213432e-06
"PBANKA_091440",1550.77253683489,-3.35179299951881,0.394861220068684,-3.42346356343545,0.000618285400400639,0.00622599019473202
"PBANKA_091600",1998.7842407866,-6.65753758127814,0.631078463975465,-7.38028287629732,1.57953571204837e-13,1.50132943167134e-11
"PBANKA_091665",418.056491500187,-6.08601187764844,0.91326316289477,-4.47407937127017,7.67412339104799e-06,0.000136100054182625
"PBANKA_091690",315.207125641876,-4.37255501833055,0.46375721381472,-5.11594202236697,3.12178948333793e-07,7.41805708327311e-06
"PBANKA_092000",218.787125570076,-3.24439575937329,0.356789078861584,-3.48776303171559,0.000487079563399073,0.00513013259071943
"PBANKA_092120",4201.66444159854,-8.63948864749507,0.822654236229933,-8.07081317410164,6.98315013773811e-16,1.00790133654687e-13
"PBANKA_092230",855.332418275352,-3.3994966432814,0.284586494746908,-4.91764953402309,8.75895443363991e-07,1.96170376022384e-05
"PBANKA_092430",472.232186759471,-3.24429161404029,0.298150336547713,-4.17336981218253,3.00127189155194e-05,0.000456873303178825
"PBANKA_092760",1241.57739202449,4.99453173330028,0.715045952326979,4.18788711907976,2.81563489498215e-05,0.000433696805760689
"PBANKA_092800",346.20082524637,-4.79248993534028,0.49243093643783,-5.67082554873729,1.42111049279479e-08,4.57691536398456e-07
"PBANKA_092850",658.570046683502,-5.11724196594195,0.396137692863301,-7.86908699197589,3.57238711738568e-15,4.69899641395688e-13
"PBANKA_092890",644.97856505659,-5.84727988823592,0.526238020784907,-7.31091205173191,2.65335166112514e-13,2.35002532350106e-11
"PBANKA_092900",704.319703104821,-5.22791604459731,0.464514422830657,-6.94901145356703,3.67854686550038e-12,2.2638515412754e-10
"PBANKA_092920",618.531066865572,-5.69093809657301,0.385847727710927,-9.56578938139613,1.11348463429682e-21,3.09946401418193e-19
"PBANKA_093110",1473.99230691909,-5.46401930965847,0.687535525800215,-5.03831319207357,4.69652494125937e-07,1.08942605333856e-05
"PBANKA_093420",645.108708334223,-3.68370225448621,0.390153797633778,-4.31548344447139,1.59253987684042e-05,0.000260761676472568
"PBANKA_093560",951.399237915183,-7.51442298093783,0.545449397288753,-10.109870885087,4.99500610078253e-24,1.94655387747495e-21
"PBANKA_093590",811.050355525153,-4.86753701893849,0.635828547271398,-4.50992178826238,6.48515309259417e-06,0.000118096456083362
"PBANKA_093600",401.35341732053,-4.44452272800155,0.566307898948601,-4.31659655911566,1.5845338353291e-05,0.000260545500264874
"PBANKA_094110",1270.38895717388,-3.21656883775616,0.354534973412556,-3.43144944501849,0.000600365020248376,0.00612953780050131
"PBANKA_094130",533.755974946711,6.03627065552335,0.562845299356047,7.17119013011436,7.43485614708142e-13,5.48873774846534e-11
"PBANKA_094140",115.093560830539,3.62656324315238,0.398973838077353,4.07686692187828,4.5646599872333e-05,0.000661281783280601
"PBANKA_094160",243.409180021314,4.60052581249225,0.521469049467818,4.98692264698393,6.13486131345229e-07,1.38997410107695e-05
"PBANKA_100110",155.626066738035,-3.60587846051198,0.45952300810467,-3.49466388448213,0.000474659099642408,0.00504766668215538
"PBANKA_100170",166.556188448507,-4.20528184144906,0.514147137405116,-4.28920377263803,1.79314799761955e-05,0.000289954263349519
"PBANKA_100210",1035.99723057108,-7.02293363115467,0.682380682218504,-7.36089658169174,1.82679057297553e-13,1.69500068163944e-11
"PBANKA_100220",309.540023629215,-6.37206760595132,0.978669692603896,-4.46735771935349,7.91916468391553e-06,0.000139013444924409
"PBANKA_100230",1521.42266022642,-4.70889574014352,0.63717703680725,-4.2514020180595,2.12436446655212e-05,0.000337904013312392
"PBANKA_100250",1687.35156000367,-7.50782434610617,0.764051638397765,-7.20870693721201,5.64856808490823e-13,4.49234078099742e-11
"PBANKA_100360",253.941317745571,4.01125696024105,0.586577887639918,3.42879778222341,0.000606261054658749,0.006136621636377
"PBANKA_100520",414.112548779505,-4.79628275671038,0.44691413695675,-6.25686798755482,3.92785620453812e-10,1.77986693361454e-08
"PBANKA_100540",506.677381056903,4.09295544323868,0.44389469752206,4.71498185250269,2.41732293293502e-06,4.73382284906923e-05
"PBANKA_100560",147.383727043172,6.32902932276142,1.21269733666861,3.56975247810278,0.000357318690456131,0.00396715366583345
"PBANKA_100620",1559.79102231295,-7.1990681934913,0.762712408646293,-6.81655121190294,9.32519948615999e-12,5.19147177108078e-10
"PBANKA_100630",1492.53876428642,-7.3625945896288,0.739901211023427,-7.24771700564092,4.23855032009135e-13,3.51438948880765e-11
"PBANKA_100790",504.145221320337,4.32444312803374,0.706087671881581,3.29200355791451,0.000994763532289869,0.00964326737645179
"PBANKA_100800",325.797136245208,-3.67838938736939,0.423676956094058,-3.96148377490889,7.44854443627795e-05,0.00102568825682598
"PBANKA_100850",2769.44438408215,6.64104009686128,0.925130268317881,5.01663414958832,5.25845639373528e-07,1.19837453604599e-05
"PBANKA_101000",703.701497341706,-3.87474045663917,0.518964150010583,-3.6124662110108,0.000303298637565341,0.00343857483978554
"PBANKA_101040",456.192305117125,-4.68114397419329,0.776360617378576,-3.45347756464814,0.000553408334285816,0.00572051002310829
"PBANKA_101210",496.578830749908,-3.43040488647361,0.336808001479095,-4.24694449119966,2.1670562149253e-05,0.000343293417461947
"PBANKA_101270",1028.30557634989,-5.41649475683615,0.634136400494194,-5.38763388156493,7.13912928268658e-08,2.06082865293553e-06
"PBANKA_101320",579.465430438263,-3.56886313502803,0.410604949906948,-3.82085782303299,0.000132988305096781,0.00167720202253124
"PBANKA_101370",1644.9265301593,-8.2210158316944,0.707457840508865,-8.79347923717929,1.44998410129929e-18,2.82529402138166e-16
"PBANKA_101750",1336.5233564611,-6.60368311949861,0.707809480044564,-6.50412752201166,7.81455862936359e-11,3.85485252894049e-09
"PBANKA_101970",5979.45509107358,-4.5149163355817,0.749205887653655,-3.35677599045284,0.00078856974271178,0.00785947899577444
"PBANKA_102010",1130.43742214401,-3.97035570245578,0.529048886402977,-3.72433579031288,0.000195830129133179,0.00236269353941795
"PBANKA_102190",223.573005567919,-4.43344469192627,0.474579591084556,-5.12757973086268,2.93490699699078e-07,7.10393327159819e-06
"PBANKA_102250",2748.55843003754,-4.63822192546533,0.699152583467252,-3.77345659281098,0.000161001242264262,0.00197924871010672
"PBANKA_102370",451.981622832788,-5.90333472602812,0.600114413743213,-6.5043175711796,7.8046864878393e-11,3.85485252894049e-09
"PBANKA_102440",4589.40010228842,-4.09378550600804,0.60844742906306,-3.4411937761529,0.00057915360959737,0.00597079792751575
"PBANKA_102570",1222.60266269076,-4.97291621233421,0.706099237322564,-4.21033766246104,2.54989293472215e-05,0.000399073605084828
"PBANKA_102580",208.837216449866,-3.89683867891268,0.565300816628021,-3.3554500950966,0.000792359512487232,0.0078771046432723
"PBANKA_102680",366.357418754491,-4.01941683273409,0.339488552208009,-5.94840921615751,2.70760990195905e-09,1.06581371595297e-07
"PBANKA_102710",280.927436504092,3.31228241445958,0.38997232906724,3.36506545887084,0.000765255016448619,0.00764666358743659
"PBANKA_102750",221.358418437097,-4.95073220422793,0.613640294748137,-4.80856982418181,1.52013932532212e-06,3.16871824951106e-05
"PBANKA_102760",1157.12526682781,-5.63529844226977,0.921177558511211,-3.94636018722065,7.93482204549552e-05,0.00107742165544586
"PBANKA_102880",927.37345596348,-4.58039011246504,0.701585510655045,-3.67794099689406,0.000235124330314611,0.00278504411925848
"PBANKA_102990",192.080301971932,3.61898162308082,0.432929940039259,3.73959265310688,0.000184318701503859,0.00223766348835059
"PBANKA_103070",159.91237145982,4.00335805101931,0.586399075283585,3.41637314153416,0.000634612240864692,0.00637392758414872
"PBANKA_103210",830.070309936207,6.68580301147635,0.98511795307164,4.7565908192677,1.96889682381634e-06,4.05967773672607e-05
"PBANKA_103450",1689.6788218743,-5.86089358113915,0.813036021038841,-4.74873619523766,2.04691734615587e-06,4.14438393915109e-05
"PBANKA_103480",336.088734163201,-5.55940365565562,0.455382164113343,-7.81630010166515,5.43985954421365e-15,6.42397958903049e-13
"PBANKA_103700",195.318274993532,-3.41561794175828,0.322193811504079,-4.39368445703484,1.11445543779818e-05,0.000190483896539453
"PBANKA_103730",1130.1589351757,-4.6706378326963,0.740682985712955,-3.60564220349363,0.000311381920025218,0.00351726186185007
"PBANKA_103760",1879.79499799033,-5.86492505226292,0.670933218768001,-5.76052123244081,8.38545806273678e-09,2.9439756820257e-07
"PBANKA_103800",417.195846453929,-3.53901001428788,0.350786376111735,-4.38731410081234,1.1475900508141e-05,0.000195257659136246
"PBANKA_103910",217.899809893259,-3.70808356041749,0.403287617609641,-4.23539797859804,2.28147270439525e-05,0.000359955430325032
"PBANKA_110140",585.112600645343,5.75629219834112,1.06260967038601,3.53496895711159,0.000407823066139893,0.00446428788973923
"PBANKA_110220",1258.01466667192,6.44656918198111,1.08056221807577,4.11505150522421,3.87092969262656e-05,0.000575763855426172
"PBANKA_110560",256.263501143186,-4.99392450728935,0.410384079986773,-7.29542068831189,2.97727318457287e-13,2.57706929321342e-11
"PBANKA_110760",2770.39948426164,-5.92602753757448,0.598124852716133,-6.56389300619439,5.24208218346193e-11,2.76059382012853e-09
"PBANKA_110850",2141.64373968711,5.0555015548656,0.792167601151581,3.85714026984163,0.000114721334910661,0.0014759026175477
"PBANKA_111090",989.287952703411,-6.75188607030316,0.682487108091181,-6.96260195096359,3.34044684237893e-12,2.13405267946733e-10
"PBANKA_111320",224.44276811035,-4.04142470468799,0.429408047067807,-4.754043895143,1.99387718262902e-06,4.08954704247647e-05
"PBANKA_111500",1171.35061094414,4.86998337942671,0.708267999355521,4.05211499324862,5.07567056722157e-05,0.000729885173448799
"PBANKA_111600",1339.53802449794,-6.87729683695097,0.781794393139003,-6.23859275501838,4.41524791298493e-10,1.97772656516118e-08
"PBANKA_111610",408.639254732005,-3.66744412819686,0.428161961076105,-3.89442379235663,9.84324306116745e-05,0.00128721873185804
"PBANKA_111690",579.251759069733,-5.195530753289,0.519087214452547,-6.1560575262081,7.45781433756025e-10,3.1937475245574e-08
"PBANKA_111770",474.442215683673,-4.00717663443913,0.442719566218505,-4.53374277442367,5.7947591861369e-06,0.000107024533404623
"PBANKA_111940",153.541553077144,-5.15420368243635,0.510337823807561,-6.18061906308114,6.38507192513948e-10,2.76473614358539e-08
"PBANKA_112010",349.855605898679,4.34332463549262,0.654878433810317,3.57825897832414,0.000345890632521553,0.00386228021471774
"PBANKA_112280",223.333019167234,-3.41657555064153,0.391785799298832,-3.61568886155837,0.000299549990100288,0.00341329330824802
"PBANKA_112370",183.95879601615,-4.93379628907373,0.618358526486846,-4.74449071761306,2.09031563662918e-06,4.17741540304817e-05
"PBANKA_112380",1346.6653053635,-5.94645709895292,0.549207822860903,-7.18572630374282,6.68508443284445e-13,5.21035480695896e-11
"PBANKA_112420",242.337245600418,3.30978798423588,0.307858850392426,4.25450813762965,2.09509040786149e-05,0.000334613414730993
"PBANKA_112430",276.171923636893,4.85574490469628,0.614321391476504,4.64861706643908,3.34167943743868e-06,6.38359057240125e-05
"PBANKA_112600",469.457407270262,-3.67274940889314,0.323452471210557,-5.17154623253515,2.32164813266074e-07,5.83707275676059e-06
"PBANKA_112810",2751.48820265595,-5.630988914061,0.42752531065836,-8.49303847875,2.01303614188983e-17,3.73561992616412e-15
"PBANKA_112900",1328.35633916723,-6.81392875789766,0.655403056942264,-7.3449897843881,2.05774814919257e-13,1.86489407846592e-11
"PBANKA_113100",578.416372622343,-4.56184586612663,0.526609215061525,-4.86479498051951,1.14575510408999e-06,2.43989488559492e-05
"PBANKA_113230",582.554458827775,4.41176604879706,0.734728463693716,3.28252703954375,0.00102881118300711,0.00994857861086524
"PBANKA_113700",1337.50744659413,-3.27783872448829,0.326198692757661,-3.91736310677868,8.95228526437173e-05,0.00120716455623725
"PBANKA_113720",979.997097138304,-4.56808330467413,0.615131212507414,-4.17485449032254,2.98176578636415e-05,0.000455683971351415
"PBANKA_113810",1672.54145562276,-6.10746288228029,0.631367288361301,-6.50566311875473,7.73513974104776e-11,3.85485252894049e-09
"PBANKA_114060",489.908101701007,-3.75506765319426,0.390932238708329,-4.48944210636896,7.1409951456175e-06,0.000128581099258293
"PBANKA_114160",332.662652272506,4.51714993784743,0.529758267643861,4.75150666178867,2.01906506017812e-06,4.11952698403882e-05
"PBANKA_114170",2936.41448960956,-3.97244859177942,0.481268756166591,-4.0984347446329,4.15953468498102e-05,0.000604839801021307
"PBANKA_114560",572.081886224823,-4.16138604415272,0.348070679085608,-6.20961825865581,5.31134667250739e-10,2.35208158895015e-08
"PBANKA_120090",261.643435870704,-3.89433933966274,0.393954880363931,-4.80851852352423,1.52052941405843e-06,3.16871824951106e-05
"PBANKA_120100",220.312080880066,-3.9087390392977,0.445193211220028,-4.28743968055331,1.80744315607299e-05,0.000291058098314729
"PBANKA_120220",473.777484441827,3.7394650340448,0.445631942428769,3.90336703550563,9.48636755237297e-05,0.00125316523225754
"PBANKA_120420",2298.20464743593,-5.76125206915591,0.664254250001502,-5.66236809045242,1.49298136308014e-08,4.73020192839294e-07
"PBANKA_120540",829.158648110803,-5.23900664109261,0.53814222715015,-6.01886727649209,1.75641807066342e-09,7.20501181197406e-08
"PBANKA_120680",583.258187165111,-6.70234296307988,0.777637340538077,-6.04696137639964,1.47603124378202e-09,6.11924867767928e-08
"PBANKA_120840",339.657534550378,-6.22661799865255,0.382014404754841,-11.0640278116345,1.87484844285229e-28,1.21771406363256e-25
"PBANKA_120960",225.155257799855,-5.18730433664913,0.533712001464235,-5.97195552639772,2.34426444410038e-09,9.32203932516244e-08
"PBANKA_120990",2777.76619701784,-5.37260838299568,0.609442369844669,-5.53392502699683,3.13142867918567e-08,9.38705966368197e-07
"PBANKA_121050",146.987473165778,4.00336225528112,0.453751481053084,4.41510901657365,1.0095909879822e-05,0.000174087437175515
"PBANKA_121060",172.65143271614,5.0067322303778,0.834828096353684,3.60161839726099,0.000316242338889668,0.00356183929090473
"PBANKA_121080",707.134968316425,4.58774057865878,0.697468568570287,3.71018952719731,0.000207104143496346,0.00248148560692588
"PBANKA_121310",328.377057746552,-4.76888745462528,0.475876596683223,-5.81849890060563,5.93784502707929e-09,2.10361655186618e-07
"PBANKA_121330",601.511809330506,5.10232409157724,0.83674028596557,3.707630842702,0.000209207329381708,0.00248561269085523
"PBANKA_121550",577.038061262647,-4.07448180419014,0.477475374662449,-4.34468857301111,1.39473388333241e-05,0.000231288423121124
"PBANKA_121600",255.864807429832,-4.11614312046709,0.424789262449502,-4.9816304401495,6.30507610527589e-07,1.42028217238498e-05
"PBANKA_121750",775.974922058507,-4.42889474092937,0.730936462588637,-3.32299025325314,0.000890580261414533,0.00876411939073847
"PBANKA_121900",1244.45958341783,-4.50915959670536,0.642067142639449,-3.90793957527644,9.30865782782507e-05,0.00123808326126397
"PBANKA_122030",241.242967087983,-3.9035748572003,0.461719575431727,-4.122794350706,3.74303845411043e-05,0.000563189994427349
"PBANKA_122040",108.049474057955,-5.57000048800329,0.465031699782411,-7.67689705814399,1.62988301996162e-14,1.76434836910845e-12
"PBANKA_122110",229.389719732227,-4.80291337894997,0.573722309273326,-4.88548786345807,1.03173061522415e-06,2.2213559157616e-05
"PBANKA_122280",762.893066690901,-4.28690628322983,0.365300086370853,-6.26034969208345,3.84115146634158e-10,1.76105497227449e-08
"PBANKA_122350",2216.37281971095,-4.73113772472696,0.76632767355383,-3.56392939858398,0.000365344259674484,0.00404473460213485
"PBANKA_122720",734.913331607398,-3.97777603302448,0.359235246624613,-5.50551776755687,3.68084832632114e-08,1.09498213188347e-06
"PBANKA_122730",237.555007809974,-4.9108550722286,0.371896824016616,-7.82705009628839,4.99450113713485e-15,6.08236591606704e-13
"PBANKA_122970",167.696863364528,-3.82165193755031,0.453035415989187,-4.02099234024076,5.79534896533363e-05,0.000827270143513009
"PBANKA_123005",621.909411478153,3.61406501123596,0.408398711481985,3.9521794899374,7.74426167957201e-05,0.00106265449877789
"PBANKA_123370",2954.95212245133,-7.06414550144158,0.893819461265259,-5.66573645003541,1.46394392748727e-08,4.67622088968679e-07
"PBANKA_123400",1571.93657032236,-3.69233865728175,0.476920928345544,-3.54846800947178,0.000387479063616463,0.00427763714139761
"PBANKA_123470",639.690030790232,-6.33782327931437,0.676792714409692,-6.40938235143072,1.46110345903505e-10,6.94380509738975e-09
"PBANKA_123520",222.892858020543,-3.72130178807028,0.479715450370273,-3.58817250255683,0.000333003945110885,0.00372907004050896
"PBANKA_123680",274.713529185376,4.5819445160317,0.668110122916121,3.86454931226338,0.000111294504739308,0.00144091257464811
"PBANKA_124320",1037.92959006172,-4.20383346420457,0.630908125042759,-3.49311314393867,0.00047742417851867,0.00505576636871538
"PBANKA_124470",249.571059210382,3.84667261519928,0.401327103260271,4.60141515536184,4.19630086994921e-06,7.86201177413081e-05
"PBANKA_130170",305.769202471952,3.47132582225722,0.349769729547229,4.20655562207119,2.59292287466838e-05,0.000404184817703308
"PBANKA_130360",295.305468602391,-4.213742893742,0.437107547020407,-5.06452681687202,4.0941600444383e-07,9.55385730130304e-06
"PBANKA_130870",248.222233043531,-5.82633365210948,0.432563452503489,-8.84571646070496,9.09429085117414e-19,1.86528691826451e-16
"PBANKA_130880",131.058822062141,-3.55013096391203,0.396428166312257,-3.91024426526501,9.22028331385333e-05,0.0012305289066468
"PBANKA_131070",1496.9704945142,-7.21671314573004,0.428660068444969,-12.169813634973,4.50109011484694e-34,4.38518704438963e-31
"PBANKA_131090",333.447082355492,-4.24768394553138,0.428448810124386,-5.24609683214862,1.5535527222603e-07,4.14670887578656e-06
"PBANKA_131140",277.441806628021,-5.00469296768671,0.674446255102418,-4.45505174794163,8.38729619376516e-06,0.000146570821825573
"PBANKA_131240",338.661625851017,-4.26284275640174,0.37876548213281,-5.97425811787227,2.31139594228562e-09,9.28609277019283e-08
"PBANKA_131250",234.51301465998,-3.45961817992768,0.366857937276104,-3.97870137624729,6.92927073750178e-05,0.000971344174965627
"PBANKA_131270",8202.96198669272,-9.19963777674807,0.873038662810879,-8.24664254108489,1.6290679041003e-16,2.44172216241496e-14
"PBANKA_131370",238.252186682581,4.85283513438171,0.515227397134743,5.53704082944105,3.07624857356944e-08,9.29313231875978e-07
"PBANKA_131410",61188.4946752887,-10.8621417391233,0.935971963325925,-9.46838376187266,2.84206974660011e-21,7.38369720166708e-19
"PBANKA_131430",285.367832843158,-3.39730220781478,0.397455775594056,-3.5156168147923,0.000438733704257316,0.00474929234858545
"PBANKA_131520",91.9669972752069,-3.82700520613789,0.462595342102917,-3.94946736348985,7.83252889120057e-05,0.00106725052758771
"PBANKA_131660",121.173768940184,-3.19261879456928,0.36223919522035,-3.29235160166422,0.000993533155718614,0.00964326737645179
"PBANKA_131820",540.156199932384,-6.21508993175956,0.476216121975538,-8.85121216449719,8.65738007663369e-19,1.86528691826451e-16
"PBANKA_131870",262.333277256098,-4.65038149471625,0.699918590734887,-3.78669966736197,0.000152661432234208,0.00188864000449749
"PBANKA_132010",685.225025071067,-4.7755057970487,0.694298294292137,-3.99756966114749,6.39961607847813e-05,0.000905799601534991
"PBANKA_132070",620.177394350943,3.88419684598603,0.507302562515447,3.7141480946662,0.000203889373417598,0.00245233607471722
"PBANKA_132160",560.769658376876,4.28293527882965,0.384721125729824,5.9340003086622,2.95641273341223e-09,1.15211404221074e-07
"PBANKA_132340",785.894667718841,-3.65937410585757,0.366694304527229,-4.52522464999005,6.03313847058464e-06,0.000110380941877316
"PBANKA_132510",218.872546047732,-4.71973818518171,0.728697200857378,-3.73232967271138,0.000189716978176187,0.0022960467824615
"PBANKA_132760",246.54057275009,-3.7802779999289,0.454995222397555,-3.91273998559346,9.12547757952125e-05,0.00122206137894826
"PBANKA_133010",701.412386011322,-4.49114349350432,0.606742662152115,-4.10576616562324,4.0297697212434e-05,0.00059260424919568
"PBANKA_133110",267.671615618494,-5.6047190665363,0.426819417818949,-8.44553672125895,3.02651679609548e-17,5.36106179744732e-15
"PBANKA_133210",310.902840612877,3.06567582872094,0.311277596316814,3.42355454208891,0.000618078470164203,0.00622599019473202
"PBANKA_133270",658.148770867979,5.82744453607832,0.780547725812868,4.90353684919444,9.41262753606166e-07,2.08414826750183e-05
"PBANKA_133360",218.76175953129,-3.99089726150677,0.340859098464421,-5.84082182484145,5.19439361646065e-09,1.87431036327289e-07
"PBANKA_133400",290.503808824375,3.73905794628969,0.361035833726416,4.81685689849697,1.45837199053644e-06,3.07204089033542e-05
"PBANKA_133680",519.139529731388,-5.83191233990772,0.719394222561692,-5.32658203211955,1.00078093246567e-07,2.76598815164447e-06
"PBANKA_133760",2988.77007076048,-6.28671322337824,0.791871035867303,-5.41339817876175,6.18397654420959e-08,1.79842959647648e-06
"PBANKA_134010",2701.18802822969,-3.94941691506182,0.508071691565654,-3.83689339009337,0.000124600530257013,0.00159202710298879
"PBANKA_134200",1436.73771319327,-4.05843098565711,0.469376444094498,-4.38545864743629,1.1574164552341e-05,0.000195257659136246
"PBANKA_134260",370.698569809565,-3.7418520455225,0.435790573312083,-3.9969934004862,6.41520887923165e-05,0.000905799601534991
"PBANKA_134510",243.686718411865,-3.50929160987369,0.410748350792057,-3.67449219689692,0.000238322927193917,0.00278902236418827
"PBANKA_134680",426.934817993897,-4.17760081002698,0.386230199116681,-5.63809048336253,1.71946158802457e-08,5.4038240391385e-07
"PBANKA_134870",162.034117414443,4.61687865912833,0.467839327137225,5.59354143043378,2.22484104028218e-08,6.93616442718373e-07
"PBANKA_134910",573.186133676467,6.22208857262415,1.02943114084863,4.10138027216039,4.1069299062359e-05,0.00059942718519106
"PBANKA_134980",6072.62227772173,-10.0728103653494,0.72878227014484,-11.0771223396324,1.6199570013536e-28,1.21771406363256e-25
"PBANKA_135030",657.066054829684,-4.49089011209529,0.273960536070715,-9.0921493577905,9.71001861914529e-20,2.36499640992558e-17
"PBANKA_135060",505.870553804439,-3.25477334420775,0.330829897660503,-3.7928051638652,0.000148955027151992,0.00185456147224062
"PBANKA_135120",397.059192578944,-3.42435078275284,0.35737868768254,-3.98555043108248,6.73238757720183e-05,0.000947152143983954
"PBANKA_135290",229.387860282062,-3.95581613328602,0.435702564741453,-4.48887909220046,7.15989184989724e-06,0.000128581099258293
"PBANKA_135300",254.209166647804,-3.93673130267202,0.371697057072072,-5.21051018786109,1.88322038420435e-07,4.89260655816289e-06
"PBANKA_135520",538.490359386257,-3.96164871457698,0.467463347806383,-4.19636902825046,2.71228187946076e-05,0.000421106075070063
"PBANKA_135530",227.583122793116,-3.30809432578202,0.38141738306245,-3.4295613778249,0.000604557680736564,0.006136621636377
"PBANKA_135560",2329.38448864859,-9.60763854052425,0.768964851084242,-9.89335017042386,4.44885197121006e-23,1.57610692107324e-20
"PBANKA_135650",369.759153319552,-4.16604498689441,0.405324050767799,-5.34398337032136,9.09259135994017e-08,2.54919629709977e-06
"PBANKA_135670",617.160550996334,4.89389157619313,0.763732793632501,3.78914143836756,0.000151168831909885,0.00187613037564593
"PBANKA_136050",332.197113992739,3.49207823046279,0.425707678006209,3.50493615114227,0.000456716800498188,0.0049166446727664
"PBANKA_136220",208.617473069545,-3.36037338312536,0.388978161673633,-3.49730014989059,0.000469992711565572,0.00503176262904131
"PBANKA_136250",627.510351360855,-5.34681400417317,0.543850202182606,-6.15392619280379,7.55878721680369e-10,3.2018036721613e-08
"PBANKA_136370",461.804435791258,-3.9839394275392,0.510729724561173,-3.88451921266934,0.000102532585023262,0.001336352788748
"PBANKA_136480",328.387357445,-3.66006425956893,0.392761103509873,-4.22665137849425,2.37194721293816e-05,0.000372720898742742
"PBANKA_140080",7651.18045315977,-8.68250763547261,0.862071974992559,-7.75168179609398,9.06833996859525e-15,1.03939178992987e-12
"PBANKA_140210",83.750776576617,-3.79695734751967,0.523534076831439,-3.43235985400475,0.000598353042501649,0.00612953780050131
"PBANKA_140240",174.20299744119,-4.17503329593289,0.591535044389673,-3.67693058350755,0.000236057243626491,0.00278762144973466
"PBANKA_140790",1046.89668391686,4.93689393786076,0.776326039453523,3.78306766565259,0.000154907279828232,0.00191035971357791
"PBANKA_140950",167.349450429005,-4.2391194104561,0.426511209001992,-5.24984892119364,1.52224004707752e-07,4.0911513541111e-06
"PBANKA_141020",172.198448587548,-3.72807166377046,0.397137169378682,-4.35132190339678,1.35319212434779e-05,0.000226325738565808
"PBANKA_141230",281.655438281797,-3.73712211809052,0.338410076043554,-5.1331867490463,2.84876987806391e-07,7.02636469292093e-06
"PBANKA_141340",392.377990828332,-3.44801504156257,0.40086062217096,-3.61226561421895,0.000303533421833776,0.00343857483978554
"PBANKA_141680",499.413487491975,-3.562144764616,0.470658509294094,-3.31906198181553,0.000903203792636202,0.00886595763199819
"PBANKA_141900",313.952653566788,4.28855771890599,0.44435534716036,5.15028733992053,2.60087684887298e-07,6.45580705736179e-06
"PBANKA_142030",321.90975654671,-4.32825102206405,0.379053241671831,-6.14227967500079,8.13454665839799e-10,3.40863745459967e-08
"PBANKA_142070",186.962019945793,4.22834301171583,0.606334997817473,3.67510208009902,0.00023775433436777,0.00278902236418827
"PBANKA_142130",169.236440453913,-3.90198448060004,0.517579262178793,-3.67476948862572,0.00023806425071217,0.00278902236418827
"PBANKA_142220",329.585150630978,-5.03262729292576,0.453131268244672,-6.69260213419717,2.19236627798669e-11,1.1915548108276e-09
"PBANKA_142270",748.931792914101,-6.03378312739514,0.382614980986282,-10.5426690742665,5.49177551200264e-26,3.05734988146776e-23
"PBANKA_142290",5373.43588610285,-6.01229602342622,0.819747075400908,-4.89455362980583,9.85291059244016e-07,2.14507221110276e-05
"PBANKA_142310",482.73126944373,-3.58724219314775,0.406909463311593,-3.90072568042565,9.59047748978026e-05,0.00126263820194843
"PBANKA_142520",918.886796051198,-7.64959475299585,0.672683941016243,-8.39858722427778,4.51882241057843e-17,7.65645692783658e-15
"PBANKA_142590",457.754209619087,5.14412125226752,0.55298720012832,5.68570348741876,1.30275259741491e-08,4.30239565434398e-07
"PBANKA_142700",428.353915362693,-4.35816222870441,0.402258695904488,-5.86230267415854,4.564919391243e-09,1.66256923996953e-07
"PBANKA_142880",337.774480141686,-3.57836760485113,0.404722868922543,-3.89987254501598,9.62433398827573e-05,0.00126282927785557
"PBANKA_142920",1039.93457055645,-6.15374101148962,0.704626187702382,-5.89495690620579,3.74779177354939e-09,1.40434082130019e-07
"PBANKA_142950",335.500822822514,-4.55774986184087,0.382210378082473,-6.69199479792504,2.20148694841127e-11,1.1915548108276e-09
"PBANKA_143000",222.744469750256,-5.86369480039599,0.396145672147041,-9.75321724318085,1.78712944631437e-22,5.35726419406701e-20
"PBANKA_143040",286.716109916444,-4.70566708510127,0.388251163826772,-6.96885762925484,3.1952484439784e-12,2.07531386436397e-10
"PBANKA_143200",340.322184929561,-4.84069297679991,0.361065858217367,-7.86752032115364,3.61739523784209e-15,4.69899641395688e-13
"PBANKA_143230",19741.4112045241,-10.9888898049937,0.993076496398874,-9.05155830148984,1.40942380898456e-19,3.2308968138899e-17
"PBANKA_143270",271.056868886138,-4.17410293037869,0.409373868110474,-5.31080046807478,1.09144776268575e-07,2.99533234590589e-06
"PBANKA_143280",4799.2441247056,-5.60331088558767,0.810899306339035,-4.44359843129664,8.84666547213074e-06,0.000153908282789703
"PBANKA_143360",398.941859496935,-4.22969761044493,0.649823869058322,-3.43123377981797,0.000600842555758661,0.00612953780050131
"PBANKA_143370",728.94270005082,-6.07512582541869,0.539159185030596,-7.55829806588093,4.08377385918254e-14,4.18801756032483e-12
"PBANKA_143420",719.241204441414,-4.31277962663263,0.471831426466927,-4.90170746775117,9.50072408822463e-07,2.09176959162776e-05
"PBANKA_143510",117.035400086471,-4.05455905679132,0.44675748261948,-4.59882405269363,4.24882423847145e-06,7.92232921403025e-05
"PBANKA_143590",691.014607203684,-5.79074190522705,0.706248908299463,-5.36743046350977,7.9866284141537e-08,2.27181685620124e-06
"PBANKA_143620",605.731025117913,3.93435270519749,0.443515272119718,4.36141171859208,1.2922593624031e-05,0.00021706615238297
"PBANKA_143640",202.642221141026,-3.96364826503176,0.413747843743318,-4.74600241361009,2.07476236567417e-06,4.16770563867641e-05
"PBANKA_143710",537.737080256534,5.9796151383695,0.90743923268487,4.38554450262734,1.15696000296436e-05,0.000195257659136246
"PBANKA_143960",209.786471563914,3.50042276976558,0.413641069694557,3.62735443768563,0.000286340105449967,0.00327233838984903
"PBANKA_144130",222.449589548889,3.75504023982301,0.336954843478613,5.20853246003098,1.90340056494319e-07,4.91228609376397e-06
"PBANKA_144220",22209.3369040298,-6.57953099344363,0.804072194615558,-5.69542265496842,1.23066666990774e-08,4.09906667746193e-07
"PBANKA_144240",390.52609779448,4.75657525338438,0.670702355262777,4.1099829630155,3.95688310119715e-05,0.000586310777390316
"PBANKA_144330",619.001367458539,6.04002023653437,0.553994601449741,7.29252636390698,3.0419601613502e-13,2.57706929321342e-11
"PBANKA_144500",735.079046685539,-4.34179766580042,0.631391111320607,-3.70894937197065,0.000208121033087615,0.00248148560692588
"PBANKA_144580",241.014466834041,3.65917993357762,0.483085527989977,3.43454696413932,0.000593545211632484,0.00610302292805222
"PBANKA_144610",512.219247548071,4.07172828585754,0.449196414294828,4.61207663269051,3.98665954234551e-06,7.50531992102438e-05
"PBANKA_144950",2272.17256214782,-5.26482399656118,0.473823432007869,-6.8903810491731,5.56431375385001e-12,3.28547434829598e-10
"PBANKA_144960",123.239748264968,-4.25565486276541,0.657805415478778,-3.42906094976985,0.000605673495729007,0.006136621636377
"PBANKA_144990",3753.74094735871,-5.13754334081616,0.707444907587179,-4.43503558675276,9.20570807268441e-06,0.000159442863818894
"PBANKA_145080",817.512173381033,-3.94779009314718,0.533295971399389,-3.65236228587308,0.000259838950230691,0.00298699819778467
"PBANKA_145120",2237.98960848569,-4.07457214314325,0.618618213576215,-3.35355813588191,0.000797796523364421,0.00791097468588078
"PBANKA_145200",1141.38490509535,-5.78981065265773,0.538165443534095,-7.04209216364825,1.89374491340872e-12,1.29472349606206e-10
"PBANKA_145280",1087.9612852729,-3.61096638716952,0.407759610401502,-3.95077478513205,7.78986026557694e-05,0.00106516089315626
"PBANKA_145370",832.277802462435,5.07650672348715,0.631674490139282,4.8703988707994,1.11373192352545e-06,2.38473258570257e-05
"PBANKA_145420",2068.03519164746,4.41851792810231,0.5120960267139,4.72278206027461,2.32640111142082e-06,4.57878036929643e-05
"PBANKA_145490",1058.51379382103,-6.8011635247081,0.372888984588175,-12.8755842171379,6.17699060150547e-38,1.20358661870334e-34
"PBANKA_145500",456.987040132489,-5.4578687309385,0.499924685046468,-6.91677933570552,4.62026904168635e-12,2.77002899314641e-10
"PBANKA_145540",590.615948534109,-4.3618608987169,0.657080295092281,-3.59447835577721,0.000325042163828158,0.00365040147676753
"PBANKA_145550",132.298132873734,-4.26541072375495,0.349536516863257,-6.48118469590749,9.10051852597091e-11,4.37836057971711e-09
"PBANKA_145560",757.538793661174,-3.54102305993919,0.314246940347452,-4.90386018789979,9.39713869339948e-07,2.08414826750183e-05
"PBANKA_145570",168.192016174964,-4.56257870306846,0.622482006920642,-4.11671128575312,3.84317009909388e-05,0.000573825052726776
"PBANKA_145600",179.675104198432,-3.36518510428554,0.393313453038306,-3.47098502158934,0.000518552923776237,0.00541769636449328
"PBANKA_145670",3229.93783287587,-8.05767053912007,0.837402934585238,-7.23387784892395,4.69394002836951e-13,3.8108925605325e-11
"PBANKA_145680",584.877732758347,-3.74068482074562,0.450416476139476,-3.86461178255521,0.000111266025834302,0.00144091257464811
"PBANKA_145780",229.594003327927,-3.44873976802974,0.396342902805515,-3.65526860144291,0.000256912849358085,0.00297088834999543
"PBANKA_145810",812.485160641975,-4.55858361036437,0.503082653027749,-5.08581163545554,3.66057224040661e-07,8.59352410895454e-06
"PBANKA_145860",153.666023770395,-4.03907947050197,0.444892763545359,-4.5833055459309,4.57682501095112e-06,8.49327955603643e-05
"PBANKA_146000",660.175447420948,-5.45008701531366,0.685348925848261,-5.03405912695268,4.80201452094928e-07,1.10730476852895e-05
"PBANKA_146020",497.656710523574,-4.9089792995935,0.405679171841422,-7.1706400069526,7.46479601407912e-13,5.48873774846534e-11
"PBANKA_146220",413.970999881172,-3.53724121939017,0.370691871188216,-4.14695152192762,3.36931366820725e-05,0.000510903321595472
"PBANKA_146380",233.410703064981,4.32324115023768,0.594847867177729,3.90560558157559,9.39897089829743e-05,0.00124584318335596
