"","baseMean","log2FoldChange","lfcSE","stat","pvalue","padj"
"PBANKA_010550",361.182761661558,-3.09611128360718,0.276744704406037,-3.96073083298815,7.47207221362725e-05,0.00230876202310917
"PBANKA_011210",1247.29360255429,3.96872240893705,0.415540925458468,4.73773409144947,2.16121137477438e-06,0.000109707205976642
"PBANKA_020820",684.194408362222,-2.80682971873739,0.221374408533292,-3.64463861962642,0.000267767783569241,0.00672723774312404
"PBANKA_020990",401.226040168832,-3.0910629715473,0.310122053942678,-3.51817278931401,0.000434529327511527,0.00996146802424275
"PBANKA_030100",709.527845887998,3.81306736019533,0.363706525371421,4.98497341598094,6.19703327546563e-07,3.30301873582318e-05
"PBANKA_030700",1985.5169555791,-3.3218952113498,0.296749601260477,-4.45458125549253,8.40570904722631e-06,0.000344634070936279
"PBANKA_031140",1262.02539314935,3.58575890709647,0.439245985357755,3.61018417915625,0.000305979659169004,0.0074304343144493
"PBANKA_031450",1120.79469619475,-4.02838198487993,0.294802876754725,-6.88046876342912,5.96559263536585e-12,1.81694907122857e-09
"PBANKA_031560",1992.34492365954,-3.65411520876817,0.266975441256651,-6.19575793556991,5.80052152725347e-10,7.72919493506525e-08
"PBANKA_040320",12716.63402268,-4.46510838323767,0.548752423153923,-4.49220500762366,7.04895190266619e-06,0.000294673832480085
"PBANKA_040540",1469.80371205654,-3.63426838397939,0.298445494900294,-5.47593584726542,4.35205349442694e-08,3.19950967245456e-06
"PBANKA_041460",1747.84965973397,-3.28847252724571,0.275112692126571,-4.68343542163053,2.82106360087449e-06,0.000136693354478737
"PBANKA_041720",887.497286171245,3.54149363261407,0.437196386034897,3.52586087592003,0.00042210864950174,0.00988940264546935
"PBANKA_050360",965.1808949029,-3.45119405762736,0.266355820507924,-5.44832868626645,5.08453319521488e-08,3.61340825739937e-06
"PBANKA_050440",1266.087351845,4.67468566363414,0.44485561358031,6.01248041383045,1.82705913037702e-09,1.9476450329819e-07
"PBANKA_050970",731.537931339653,3.47153916699574,0.317218059192875,4.63888837457713,3.50288173473507e-06,0.000162350953444678
"PBANKA_051090",2059.21137370603,-3.39755363927113,0.282532894965113,-4.94651654436097,7.55533090241688e-07,3.92877206925678e-05
"PBANKA_051490",21924.7440650626,4.31565485410827,0.436671532488524,5.30296729194071,1.13935341734194e-07,7.36091359325159e-06
"PBANKA_051500",12484.3969776812,3.71221034800157,0.379656966475815,4.50988787034583,6.48619004551512e-06,0.000278854921373885
"PBANKA_060060",876.180689133035,4.1668280414246,0.352982468432468,6.13862793539604,8.32372632170371e-10,9.85899139881795e-08
"PBANKA_060320",1604.88895056841,-3.64201179542094,0.305963208927182,-5.36669686913807,8.01916628882689e-08,5.34276953993092e-06
"PBANKA_060860",1820.57695284934,3.44846407639291,0.412140481156022,3.51449115682614,0.000440597341318801,0.0099931226775711
"PBANKA_061240",2835.75378047682,4.11669786623485,0.401462665491946,5.27246503393056,1.34603487743056e-07,8.44043046671161e-06
"PBANKA_061720",1974.81830781142,-3.83857176057858,0.282230947506262,-6.51442294625675,7.29696269551288e-11,1.55571244668335e-08
"PBANKA_061910",2159.47110865114,-3.717326766078,0.311909686807234,-5.50584620714055,3.67399166883248e-08,2.79748222783959e-06
"PBANKA_070200",639.369027906935,3.35393406858014,0.375094973067125,3.60957668269749,0.000306697101159258,0.0074304343144493
"PBANKA_070390",1935.68567489017,-3.51528266724618,0.259892485147403,-5.83042124664264,5.52876272813831e-09,5.12492266799603e-07
"PBANKA_070480",1313.48392443155,4.84966682052207,0.445420925091264,6.39769409113007,1.57740907618713e-10,2.80253012535914e-08
"PBANKA_070710",5473.03255883622,3.94721414570099,0.421194052483079,4.6230808203998,3.78082328390128e-06,0.000171504579601649
"PBANKA_070770",2666.1818290016,4.46352400524849,0.546460927895449,4.50814299704118,6.53974956317742e-06,0.000278854921373885
"PBANKA_070910",1000.56925910681,-3.05355756547026,0.27413329577526,-3.8432309453354,0.00012142510586494,0.00340629375926384
"PBANKA_071190",19020.6503409163,-3.3606048677706,0.318322490979032,-4.27429699857502,1.91741309362587e-05,0.000704814606139716
"PBANKA_072070",440.433691037412,3.55858199949506,0.331514662298904,4.70139688147425,2.58387742209026e-06,0.000128112247997592
"PBANKA_080180",989.68747539195,3.80118383977697,0.459942039267671,3.91611047914832,8.99890224875592e-05,0.0025929439012385
"PBANKA_080340",864.83603672182,-3.46727181930802,0.337248431468352,-4.35071502903553,1.35694311526013e-05,0.000526000494860835
"PBANKA_080760",1790.09724244834,-3.39780299530726,0.236104908111366,-5.920262337994,3.21428479726849e-09,3.11493417626201e-07
"PBANKA_082550",783.96050660408,3.87467958855702,0.374552541405513,5.00511779074376,5.58278819204397e-07,3.0519242116507e-05
"PBANKA_083310",752.383285441089,-3.50803782523717,0.297216998042102,-5.07386130393371,3.89823237158837e-07,2.30171492508551e-05
"PBANKA_090190",1754.34667660763,3.65495970983592,0.441103871781348,3.75185940479859,0.000175527895811886,0.00467781842338677
"PBANKA_090380",1324.65845178038,3.63466877174557,0.427230575605025,3.82619799491324,0.000130137632077351,0.00360329131933653
"PBANKA_090500",1276.06856235035,-3.46920843900412,0.291369478216831,-5.04242396285161,4.59671434707028e-07,2.57899868104048e-05
"PBANKA_090590",1469.51444732242,3.5864158739601,0.422742052932959,3.75268053640191,0.000174953750385306,0.00467781842338677
"PBANKA_090790",1401.11630569664,4.03095002094782,0.478981160590406,4.24014593485141,2.23374515789833e-05,0.000780712242072008
"PBANKA_092210",2230.20330827035,-3.52352253560512,0.263060608922053,-5.79152668218964,6.97494753110321e-09,5.94823525452482e-07
"PBANKA_092280",511.972159806836,-3.5782281578998,0.311335621093487,-5.06921807519704,3.99453340657428e-07,2.30171492508551e-05
"PBANKA_092760",1241.57739202449,5.36137566292688,0.417872014190277,8.04403154262512,8.69301294895838e-16,9.26675180358964e-13
"PBANKA_093880",473.595714819678,3.16677815174386,0.296384466433312,3.93670480030501,8.26081225993262e-05,0.00244611829696894
"PBANKA_094150",1802.68927125614,-3.12970618775702,0.265600902960795,-4.25339739121209,2.10551440085629e-05,0.000748877964056026
"PBANKA_094360",1895.24154896636,-3.07636870702337,0.297709681708915,-3.61549782608609,0.000299770990709974,0.0074304343144493
"PBANKA_100300",2891.70633159658,-4.71183526858711,0.483017051568629,-5.6143675669011,1.97282454756647e-08,1.61771612900451e-06
"PBANKA_100440",767.61918988715,-3.6156022082821,0.371218737073654,-4.35215695473243,1.34804697432372e-05,0.000526000494860835
"PBANKA_101000",703.701497341706,-3.90345751554631,0.305592313825749,-6.22874800650803,4.70177337793267e-10,7.63099593942854e-08
"PBANKA_101060",4755.9336052082,-5.55996070739104,0.433575416726595,-8.21070699595474,2.19889873977729e-16,4.68805211320517e-13
"PBANKA_102200",1755.00976719996,-3.44225718833559,0.267046269446227,-5.40077639476632,6.63530915350302e-08,4.56338035976401e-06
"PBANKA_102840",1705.23427858975,-3.05649503811033,0.267219749982509,-3.95365626298011,7.69659584413422e-05,0.00234416319138488
"PBANKA_103030",805.944739935189,-3.16493060521851,0.277560995124243,-4.1970256112429,2.70443360230407e-05,0.00092997620001811
"PBANKA_110340",1951.92849189996,-4.10049184214882,0.289432736962413,-7.25727111657585,3.94977539756404e-13,1.68418422952131e-10
"PBANKA_110440",1352.95796596468,3.1388242102873,0.245176209748338,4.64492134639103,3.40206042632766e-06,0.000161182062865124
"PBANKA_110850",2141.64373968711,4.12066148837124,0.464400512753445,4.56644949808039,4.96054476260514e-06,0.000220330863205712
"PBANKA_111050",633.013599950555,-2.86525661922817,0.211291010491767,-4.09509433086781,4.21996532689455e-05,0.00136317667832412
"PBANKA_111500",1171.35061094414,3.67213625022345,0.388675084144619,4.30214417758068,1.69153179335116e-05,0.000643990318468691
"PBANKA_112070",1430.92824511605,-3.79368437487293,0.27307459096738,-6.56847775004886,5.08322261677913e-11,1.20415895766368e-08
"PBANKA_113230",582.554458827775,3.5425734911087,0.420428390938462,3.66905167290304,0.000243451872926944,0.00632974869610055
"PBANKA_113310",1270.7946575074,3.83869404336427,0.511046057203892,3.5979028063036,0.000320793445201658,0.00768462500190937
"PBANKA_113510",1441.00567073917,-3.13539532178059,0.286403167312037,-3.96432529862205,7.36038267683281e-05,0.00230769645103052
"PBANKA_120190",1562.40829994163,-3.96406169266044,0.266300401532056,-7.37536136393701,1.63899875757874e-13,8.73586337789466e-11
"PBANKA_121330",601.511809330506,3.78512495589164,0.485019169392332,3.68052454118088,0.000232754655493716,0.00612633241373583
"PBANKA_121650",1588.52688815837,-3.26941728663401,0.303626439217253,-4.18085226670827,2.904185128055e-05,0.000982813125875121
"PBANKA_121830",453.320962499952,3.26121503549416,0.346086603646758,3.6442180142328,0.000268206007582338,0.00672723774312404
"PBANKA_122060",1043.24963491824,3.21217261859055,0.290919027619437,4.16670105255624,3.0903933915669e-05,0.00102948729856572
"PBANKA_122810",1681.54790273764,3.3135533550095,0.326508513841232,4.02302941370843,5.74543178731732e-05,0.00182824784635232
"PBANKA_123100",1650.4927415779,-3.63642631436055,0.274329838716339,-5.96517798434839,2.44367523834955e-09,2.4809121943625e-07
"PBANKA_130510",1309.67591383391,-3.18930577072342,0.303697735678483,-3.91608376027704,8.99989909435503e-05,0.0025929439012385
"PBANKA_131210",436.575062699577,3.07757964222859,0.243024513464057,4.43403682562239,9.24848182545477e-06,0.000372033268903199
"PBANKA_132930",2001.92435791171,-3.61171384892194,0.243075161977371,-6.63051640410705,3.3451449423202e-11,8.91481127128332e-09
"PBANKA_134010",2701.18802822969,-3.12984170489234,0.299000361351171,-3.77873023225332,0.000157630074233134,0.00430855536237233
"PBANKA_134250",3683.61142189099,3.59048810271516,0.44425789818564,3.58010090357594,0.000343461552902192,0.00813622256430527
"PBANKA_134670",2165.66289140071,-3.13834038928268,0.311727028869598,-3.65172180741141,0.000260487977073037,0.0066910887604785
"PBANKA_135440",2480.50918225885,-3.73839572952709,0.299492169132055,-5.80447807555389,6.45668080765253e-09,5.73568478413133e-07
"PBANKA_135450",2381.12782170524,-3.28369470865528,0.310896404766667,-4.12901110779558,3.64326804358713e-05,0.00119499191829658
"PBANKA_135550",973.901593878826,-3.93524033838704,0.313801240870229,-6.16708950232402,6.95583904072604e-10,8.72344049107525e-08
"PBANKA_136420",2115.68284520815,-3.30392462263515,0.251598715869256,-5.18255674767728,2.1886474448229e-07,1.33319895781784e-05
"PBANKA_140080",7651.18045315977,-5.14774244514143,0.507314235156124,-6.20471933765612,5.4794602550192e-10,7.72919493506525e-08
"PBANKA_140680",1509.53021856907,-4.2168948298851,0.307568006337712,-7.20782000794625,5.68547117670821e-13,2.02023742479032e-10
"PBANKA_141630",1738.80908274106,-3.42409885316086,0.256922928029313,-5.54290294013143,2.9749778474988e-08,2.34913065587683e-06
"PBANKA_141720",947.79185731488,4.04264547110878,0.517165663269759,3.94969275066376,7.82515749415299e-05,0.00234975151796256
"PBANKA_142150",831.17539261067,3.50157360232467,0.42675071844735,3.51861997511768,0.00043379761942439,0.00996146802424275
"PBANKA_142950",335.500822822514,-2.9732693556138,0.226719184231595,-4.29284076207507,1.76401521992057e-05,0.000659803587521169
"PBANKA_143105",470.618890491507,-3.81546284916405,0.280947851902881,-6.46192108915511,1.03382009697936e-10,2.00373131523637e-08
"PBANKA_143220",961.489753867171,4.11608792558931,0.347594244046042,6.08781060629131,1.14465161931299e-09,1.28441960651331e-07
"PBANKA_144330",619.001367458539,4.42923644064362,0.309003813174355,7.86150959008692,3.79531368484168e-15,2.69720292536082e-12
"PBANKA_144950",2272.17256214782,-3.18688844993143,0.279058902658335,-4.25318253108949,2.1075364842102e-05,0.000748877964056026
"PBANKA_145110",1576.04823440714,3.56188330711805,0.405055950135631,3.8559692965751,0.000115271956528747,0.00327679748425718
"PBANKA_146300",928.855432608953,4.34038152598862,0.376342119024676,6.21876055769131,5.01097294333956e-10,7.63099593942854e-08
