"","baseMean","log2FoldChange","lfcSE","stat","pvalue","padj"
"PBANKA_010320",269.429106519927,-5.22088294661777,0.756196197946462,-4.25932179421748,2.05048098420241e-05,0.000261879330636715
"PBANKA_010420",165.200542600176,-5.5258050574678,0.739912394576271,-4.76516555650746,1.88698647272613e-06,2.82911232758722e-05
"PBANKA_010450",894.531839124969,-7.41765961954967,0.647814054336038,-8.36298561799863,6.11506713043472e-17,4.43932417293665e-15
"PBANKA_010510",227.856952515446,-5.01068930790005,0.812429955786479,-3.70578323270408,0.000210738480959562,0.00210129116677269
"PBANKA_010570",297.382196225783,-4.99458201280286,0.714422178934552,-4.19161400793689,2.76976942254242e-05,0.000345220056339775
"PBANKA_010640",422.437688037777,-4.09774048323341,0.499427034920297,-4.20029421028076,2.66568361392554e-05,0.000334260569527997
"PBANKA_010700",733.774726638808,-5.49832170829773,0.662900203531354,-5.27729768321344,1.31102820967629e-07,2.52327196820488e-06
"PBANKA_010720",344.091789576559,-5.41162201015799,0.552177021547712,-6.17849326760369,6.47162479622419e-10,1.84686782115694e-08
"PBANKA_011080",251.077314641652,-5.17682727181411,0.61578533752038,-5.15898492258103,2.48292302753403e-07,4.46710238605904e-06
"PBANKA_011090",374.602695258781,-4.07599051083741,0.480287081450412,-4.32239506540164,1.5434449702754e-05,0.000200358043086444
"PBANKA_011110",378.049787271073,-4.70151824480716,0.513483409911274,-5.26115974277332,1.43149596737232e-07,2.71721573990214e-06
"PBANKA_020170",1363.77474722244,-11.47607593414,0.825981015008922,-11.4725105806913,1.81321152909319e-30,6.25255775615635e-28
"PBANKA_020340",517.83785534736,-6.21411175013312,0.590791118551657,-7.13299780210668,9.82061257051212e-13,4.36964460395475e-11
"PBANKA_020360",325.49628290564,-5.00594670447697,0.521946043766256,-5.75911387848957,8.4556644514713e-09,1.99940225715361e-07
"PBANKA_020410",966.877410422951,-4.72210467215784,0.57931581047354,-4.69882682803488,2.61660198576157e-06,3.88082402045928e-05
"PBANKA_020460",3156.71545883248,-8.96851136288524,1.13496185717078,-6.13986392481615,8.25921998794455e-10,2.26335445762348e-08
"PBANKA_020730",513.429077011055,-4.62154677552061,0.574400157079418,-4.56397294327019,5.01945506189945e-06,7.13763060004809e-05
"PBANKA_020910",1416.887871892,-7.17550976314712,0.713251732144393,-7.25621758756469,3.98064566313997e-13,1.91533857605502e-11
"PBANKA_020930",647.999149162305,-5.35198083498862,0.643577015551166,-5.20836007811427,1.90516937182994e-07,3.53524253840012e-06
"PBANKA_020970",991.78904499717,-6.4984440107792,0.673900625882132,-6.67523346619654,2.46838891756618e-11,8.73007977853747e-10
"PBANKA_030160",1344.07184422851,-5.24618913950216,0.650431589688094,-4.99082331019443,6.01224755526013e-07,1.01132847088075e-05
"PBANKA_030220",198.5959176613,-4.82993050194694,0.555347072730691,-5.09578719490123,3.47295080155088e-07,6.08943661729558e-06
"PBANKA_030350",208.065243157498,-4.51850352343424,0.589943031948048,-4.2690622433795,1.9629649096993e-05,0.000251478290908227
"PBANKA_030390",693.948057173109,-5.36561667659124,0.683402836935167,-4.92479178413262,8.44502283338129e-07,1.37041194056987e-05
"PBANKA_030660",1350.04340388508,-7.01578632594001,0.93052705564304,-5.39026382470293,7.03543211243962e-08,1.406406670593e-06
"PBANKA_030840",179.67980083802,-5.84567179367501,0.66538515401729,-5.77961767024198,7.48705734695116e-09,1.78054271848758e-07
"PBANKA_031060",1179.06477136274,-5.4141105347485,0.561926943316849,-6.0757195848205,1.23432944198008e-09,3.31665924085296e-08
"PBANKA_031070",282.530614091803,-4.96544800350435,0.65754957186114,-4.50984706006407,6.48743792500715e-06,9.00839534687234e-05
"PBANKA_031140",1262.02539314935,-5.67465357810501,0.845333910740776,-4.34698470203906,1.3802184177169e-05,0.000181312501984524
"PBANKA_031150",1872.86978118992,-8.74545401806088,0.888441977977448,-7.59245306420237,3.13905204201568e-14,1.73152697571308e-12
"PBANKA_031200",1650.0445322686,-8.60652440062954,0.746660243499989,-8.84809986622736,8.90219738949257e-19,8.18606506616006e-17
"PBANKA_031280",358.871497118317,-3.92705975212877,0.485276004666516,-3.97105921907896,7.15537887083115e-05,0.000811204322397241
"PBANKA_031330",1416.42056888768,-4.82155571299376,0.686954606308068,-4.10733938907227,4.00242907253397e-05,0.000480059463830307
"PBANKA_031350",157.960569524593,-4.70768533786387,0.68640202797069,-3.94475136658467,7.98828194737838e-05,0.00089339218103383
"PBANKA_031440",239.779767425792,-3.81524247969376,0.530941465650702,-3.41891262433057,0.000628719119529198,0.00563125479786108
"PBANKA_040250",310.544463660534,-4.99113401263016,0.665010588323811,-4.49787426718941,6.86362658122992e-06,9.46722893104313e-05
"PBANKA_040270",2133.95634284353,-5.42056560293424,0.929215976162563,-3.68113085728502,0.00023220178747056,0.00229868659462483
"PBANKA_040310",691.322745709531,-6.1629160207086,0.586900896482763,-7.09304764340372,1.31190266194781e-12,5.59654970632996e-11
"PBANKA_040320",12716.63402268,-6.0899283577985,1.064715288559,-3.8413352393332,0.000122366858754672,0.00130840842771791
"PBANKA_040560",160.538859147049,-3.93379188429522,0.537762894373015,-3.59599352154978,0.000323155841276899,0.00309541405371252
"PBANKA_040690",718.521267082572,-8.57239545045235,0.782329509215825,-8.40105783180831,4.42474407885774e-17,3.26956982112738e-15
"PBANKA_040730",98.6217339299708,-4.18407131295143,0.631407385288928,-3.45905252906095,0.000542079173546819,0.00489764982562607
"PBANKA_040820",4867.74888017605,-10.7147894909827,0.846691769276977,-10.2927532866235,7.59723650353362e-25,1.20912940967777e-22
"PBANKA_040900",683.598558647105,-4.67964845159556,0.605119064174182,-4.42829950375556,9.49789519531647e-06,0.000128020489635894
"PBANKA_041290",11944.0880815035,-11.2772810600285,0.948233013189829,-9.78375666210989,1.32210183275791e-22,1.60907570116242e-20
"PBANKA_041430",843.824960402316,-6.40102614521446,0.522820931139897,-8.41784611725276,3.83469015688587e-17,2.88508143076249e-15
"PBANKA_041490",355.306471195472,-3.64857089212779,0.436083053253256,-3.78040577323324,0.000156572968828027,0.0016157080922952
"PBANKA_041720",887.497286171245,-4.94264232894075,0.822108826470851,-3.57938296511537,0.000344406446076154,0.0032762158019842
"PBANKA_050180",919.805615437553,-6.53676911305317,0.731373515715799,-6.20308093684936,5.53683452599915e-10,1.59107092142948e-08
"PBANKA_050380",505.642606842531,-6.40112010332019,0.517181797101373,-8.5098124643732,1.74214898058087e-17,1.34170542845423e-15
"PBANKA_050500",261.224452739725,-6.10048930641571,0.689377120632557,-5.94810762308618,2.71260226266449e-09,6.84435863591808e-08
"PBANKA_050520",501.934899855721,-3.71352861241914,0.485279721902837,-3.53101218756927,0.000413972672938051,0.00384948072048912
"PBANKA_050540",408.647969451419,-3.35338902207261,0.400027064898484,-3.38324363731755,0.000716350520373301,0.00637474936194563
"PBANKA_050690",311.376675981482,-4.51502034068808,0.617426847041066,-4.07338999387697,4.63337413717289e-05,0.000549366824630986
"PBANKA_050720",226.858774405929,-4.04396156462315,0.52939389036845,-3.86094664447409,0.000112948568435264,0.00122351093242179
"PBANKA_050830",1489.45530706827,-7.44930902989152,0.670263891445529,-8.13009487671972,4.28954563077588e-16,2.77345934689853e-14
"PBANKA_051010",811.495202202802,-4.04873426929425,0.584113008476721,-3.50742791131641,0.000452460927172578,0.00414221972707993
"PBANKA_051040",436.72602276633,-4.57746725098391,0.479888693892155,-5.37096890130765,7.83147155125032e-08,1.5580110230324e-06
"PBANKA_051050",145.794250825878,-3.92719354117184,0.50742985860868,-3.79795061026958,0.000145897384660877,0.00151309117224739
"PBANKA_051100",485.963224116406,-8.20418289439668,0.817332855868663,-7.59076654003205,3.1801848756451e-14,1.73152697571308e-12
"PBANKA_051170",971.777806992538,-5.57206348452178,0.477617457599762,-7.47892152534158,7.49350009226849e-14,3.92507637744393e-12
"PBANKA_051200",299.152033340608,-4.98079967911846,0.657083093618154,-4.53641207340311,5.72193287713204e-06,8.08100964012709e-05
"PBANKA_051300",1450.28079490688,-9.80878540222621,0.710225574652967,-10.9947961336675,4.04827291857158e-28,9.85397255120542e-26
"PBANKA_051310",363.862565866161,-4.70201362021174,0.546757701922406,-4.94188488010582,7.73708981757645e-07,1.26047549862722e-05
"PBANKA_051370",1023.65652662485,-8.00323693973689,1.06186318654279,-5.65349379827565,1.57218786919533e-08,3.57456780369795e-07
"PBANKA_051490",21924.7440650626,-7.48547811035387,0.830034140852474,-6.60873793061102,3.87610183688037e-11,1.29349269362992e-09
"PBANKA_051500",12484.3969776812,-6.96366539105328,0.723949086294846,-6.85637358347561,7.06305253246793e-12,2.65699194357748e-10
"PBANKA_051530",518.843945001468,-3.4661048976166,0.405835736390217,-3.61255741216175,0.000303191949355588,0.00294508987425686
"PBANKA_051600",137.698625957757,-4.73237229322527,0.652708712652205,-4.18620471928832,2.8365752994064e-05,0.000350833600342594
"PBANKA_051760",837.0287962452,-5.30548093262323,0.80561750359857,-4.10304011253251,4.07756521029103e-05,0.000487657943357928
"PBANKA_051810",819.736780612058,-10.1185904814513,0.976363390119212,-8.3151320129486,9.16501931530674e-17,6.53876722874815e-15
"PBANKA_051850",231.26965891895,-5.13276075512425,0.556515252469115,-5.62924509476605,1.81000047769624e-08,4.02676450360594e-07
"PBANKA_052240",405.034576944924,-6.06735075410391,0.624898043737586,-6.50882299099006,7.57419076784612e-11,2.42961251142227e-09
"PBANKA_060330",431.667742989611,-4.55624010042766,0.588385447929703,-4.34449918743244,1.39593760229966e-05,0.000182220498369589
"PBANKA_060340",495.809302552985,-4.59747241736597,0.521413637400285,-4.98159662704009,6.3061781429541e-07,1.0564763220868e-05
"PBANKA_060350",292.745609733387,-4.9641598509111,0.537950728644734,-5.51009542896009,3.58639210126799e-08,7.45753292213415e-07
"PBANKA_060390",864.738996892042,-8.2590631746187,0.846207741340176,-7.39660353934597,1.39711876308233e-13,7.05033834345692e-12
"PBANKA_060500",124.423612199747,-5.64940135333294,0.640437024250883,-5.69829852919829,1.21009023188438e-08,2.8131198761447e-07
"PBANKA_060580",412.408235428528,-5.98578655660741,0.686492867281401,-5.80601306520727,6.39779716907308e-09,1.56651388672334e-07
"PBANKA_060620",1033.05096048359,-5.32941267261948,0.727740474579227,-4.57500000195058,4.76219982124389e-06,6.79516650355421e-05
"PBANKA_060800",593.781344938264,-9.06030647796632,0.614990586363924,-11.4803488614513,1.65610942034708e-30,6.22998252854201e-28
"PBANKA_060850",289.807567739686,-4.21108069190557,0.456041489144875,-4.84842003312368,1.24448678419827e-06,1.92872146554773e-05
"PBANKA_060860",1820.57695284934,-5.10519179790792,0.783646321002778,-3.96249138761274,7.41716835655022e-05,0.00083858586501106
"PBANKA_060950",2201.86911538229,-4.83118773814505,0.855615132246421,-3.30895005411108,0.000936465413334754,0.00815809237974571
"PBANKA_060960",2064.43052152899,-13.4601973482361,0.960214629629656,-11.9350372246007,7.77241134995604e-33,4.78111530274069e-30
"PBANKA_061120",154.805975859789,-5.26748163804791,0.589002215423895,-5.54748615961717,2.89806093147093e-08,6.2459250700139e-07
"PBANKA_061130",165.749349207783,-4.46488874422851,0.580731665335284,-4.24445383532756,2.19126471704821e-05,0.000278142742305076
"PBANKA_061240",2835.75378047682,-4.72457706403508,0.768478684416278,-3.54541657340128,0.000391993051221639,0.00367815702030645
"PBANKA_061550",562.43217583904,-6.74258526840252,0.75446886264356,-6.28599204450284,3.25766627183128e-10,9.56044186726087e-09
"PBANKA_061620",976.671315574435,-6.77966567154055,0.669477027103893,-7.13940206763632,9.37377744657143e-13,4.21616207325137e-11
"PBANKA_061640",1740.08403689871,-8.93344383569112,0.807350790543047,-8.58789502271682,8.85771443097023e-18,7.33064446307096e-16
"PBANKA_061650",1345.80930684044,-6.85827515644996,0.566838104600831,-8.57083374779677,1.02738477217371e-17,8.17561189856692e-16
"PBANKA_061660",443.912566240556,-4.2577827384744,0.64002077579996,-3.52767101294861,0.000419232854888378,0.00388965370746213
"PBANKA_061670",253.627057225655,-4.28650416394014,0.462637632163715,-4.94232203559914,7.71975625139179e-07,1.26047549862722e-05
"PBANKA_061700",152.227097414382,-4.58159432591107,0.653063947149715,-3.953049830998,7.71613599708824e-05,0.000867645944455194
"PBANKA_061750",574.445567618983,-4.72881144834461,0.533516052088814,-5.11476915766791,3.14124875311194e-07,5.55490911981932e-06
"PBANKA_061770",325.137696986593,-3.87480960120391,0.539748804053895,-3.47348541974112,0.000513745275346517,0.00467225922941513
"PBANKA_061870",197.436242210048,-3.6481025671896,0.464998429758642,-3.54431856478536,0.000393629321867773,0.00368515414906978
"PBANKA_061920",23538.3886180671,-10.028724157848,0.691062204719044,-11.6179471298277,3.34067029671974e-31,1.38236936878263e-28
"PBANKA_062020",422.09777002367,-3.62332419512624,0.463640825670943,-3.50125378363111,0.000463074642489442,0.00423002841196758
"PBANKA_062030",709.567732465581,-4.74184465704594,0.810771456463632,-3.38177255154631,0.000720197487626444,0.00639523005106916
"PBANKA_062040",724.867373275955,-4.87989356280722,0.553519600776787,-5.20287548763531,1.96228348129868e-07,3.62496832393479e-06
"PBANKA_062050",502.079533664244,-4.90070949262832,0.667544793716894,-4.34534059726112,1.3905972385012e-05,0.000182097828256898
"PBANKA_062060",131.081814924837,-4.80334342344443,0.609550482115241,-4.59903405164469,4.24454407036652e-06,6.098584501103e-05
"PBANKA_062070",139.042969920043,-5.65117626102715,0.603414672006548,-6.05085761154234,1.44076752280423e-09,3.84638452217025e-08
"PBANKA_062080",337.880385973968,-4.59993548888765,0.512715208602377,-5.07091548147144,3.95906579035992e-07,6.85465030983655e-06
"PBANKA_062230",793.28391156558,-6.22382977421782,0.592568203904064,-7.12800610358373,1.01833262610487e-12,4.48283022002334e-11
"PBANKA_070190",3281.31868659106,-9.36093946199524,0.898576261201926,-8.19178046407471,2.57389808398311e-16,1.7178693986326e-14
"PBANKA_070270",234.686843267616,-4.23038268021863,0.617741179416791,-3.61054557237764,0.000305553606342188,0.00296107921087581
"PBANKA_070330",274.035847111281,-3.78068713555941,0.515655992926179,-3.45324627268383,0.000553883085310121,0.00499339478652131
"PBANKA_070490",721.147638629658,-4.93990316639278,0.738880256023042,-3.97886280277206,6.92456832593843e-05,0.000787194058591572
"PBANKA_070650",423.878970135661,-6.39045155915446,0.667220479359057,-6.58021103214937,4.69781011504523e-11,1.54282049651247e-09
"PBANKA_070660",2153.84324750912,-10.1094191405338,0.759307425262762,-10.6800208594398,1.26243289676627e-26,2.48759396515182e-24
"PBANKA_070710",5473.03255883622,-7.56614625100678,0.798740432774265,-6.96865467505368,3.19986050002823e-12,1.27317526433816e-10
"PBANKA_071070",686.354396030847,-5.47232265693728,0.542903377931061,-6.39583910892189,1.59668060735077e-10,4.91363500999337e-09
"PBANKA_071130",174.761207761404,-4.38055386923435,0.591660727946981,-4.02351171336772,5.73367310853787e-05,0.000660889674738989
"PBANKA_071140",2424.57494077432,-12.919665495899,0.915179055847134,-11.9317257384035,8.0879185884932e-33,4.78111530274069e-30
"PBANKA_071150",224.517818345436,-5.09585367083664,0.641176921075172,-4.82839224101406,1.37639781048934e-06,2.10167311431915e-05
"PBANKA_071160",1835.24541735804,-9.58178576973648,0.827671533603828,-9.16038000814652,5.1714882521561e-20,5.09514723510047e-18
"PBANKA_071220",2748.9993570739,-5.0537013790004,0.477026043416174,-6.40154016986499,1.53817331470106e-10,4.78568509491202e-09
"PBANKA_071270",246.147239045723,-4.95805622765471,0.57097320920816,-5.18072683612777,2.21022966222537e-07,4.02904420365136e-06
"PBANKA_071290",3663.09628641396,-4.63103836409778,0.747590433618231,-3.51935798772053,0.000432592560962919,0.00398117584387522
"PBANKA_071320",1455.64934479831,-6.62743075842058,0.651087245263809,-7.10723607639654,1.18389833965386e-12,5.10309513488298e-11
"PBANKA_071400",1462.1147052889,-5.29394463206864,0.738464417286891,-4.4605326336109,8.17562080314441e-06,0.00011055790484775
"PBANKA_071430",4270.15951702337,-11.4447966521445,0.825382493361784,-11.4429330984182,2.55112311962586e-30,8.12042113000908e-28
"PBANKA_071450",332.987944329959,-4.64380327414845,0.696589288858825,-3.79535447419758,0.000147432655248085,0.00152519081854144
"PBANKA_071630",248.721225344464,-4.92382057971772,0.587870950140688,-4.97357554241793,6.57291432095617e-07,1.09231805060709e-05
"PBANKA_071680",1451.39292144377,-14.7694676748358,1.26158948798235,-10.1217296089379,4.4252541923017e-24,6.31437994749808e-22
"PBANKA_071690",483.410222325524,-5.21055127059187,0.880037143122278,-3.64819973302623,0.00026408430611022,0.00259567899924962
"PBANKA_071760",257.379710441029,-4.80320246877965,0.448594692282094,-6.24885340153977,4.13476772030543e-10,1.19648033752614e-08
"PBANKA_071830",546.128450029662,-6.09085050152735,0.584556510444379,-6.99821219751276,2.59249245434860e-12,1.05173860549946e-10
"PBANKA_071870",107.581052743533,-3.94416521255309,0.4329160638971,-4.49085948682931,7.09363390702699e-06,9.71968778386679e-05
"PBANKA_071910",168.227016921853,-5.82369280387572,0.607964886314205,-6.28933165376853,3.18835652564719e-10,9.42387093080577e-09
"PBANKA_071920",1400.93727243019,-5.72356248363551,0.883657884568206,-4.21380553341071,2.5110350979683e-05,0.000316788513274172
"PBANKA_071980",302.302116164418,-5.96414093316874,0.664691384835167,-5.96388192115923,2.46314766563208e-09,6.25307057692365e-08
"PBANKA_071990",194.238675954045,-3.42215114670478,0.433841508124473,-3.27804306428133,0.00104529447201736,0.00903012218206232
"PBANKA_072090",1042.44155683331,-5.23899254745719,0.813386328579843,-3.98210841963917,6.8306605487415e-05,0.000778657668063149
"PBANKA_072100",794.539854336667,-7.75877093741569,0.751532967796566,-7.6626990221067,1.82065678610447e-14,1.03203805217812e-12
"PBANKA_080860",736.609566627566,-5.11060303313243,0.554902484930742,-5.6056750827502,2.07444801166772e-08,4.59040955736954e-07
"PBANKA_080900",708.195705679244,-4.25758154318858,0.470116692073881,-4.80217269722853,1.56953235791008e-06,2.3790201088029e-05
"PBANKA_080930",215.603918729668,-3.68731109365981,0.515340644384041,-3.27416653828375,0.00105974134627947,0.00911686006425037
"PBANKA_081020",1832.99031299996,-6.34622588728662,0.574068451984355,-7.57091923839959,3.7059240377485e-14,1.99157320366276e-12
"PBANKA_081030",155.854218772379,-6.20287691604353,0.585492079472269,-7.178366818953,7.05490669884922e-13,3.24368932442645e-11
"PBANKA_081040",143.402080572245,-5.93008898965537,0.643318595244679,-6.1090865687795,1.00202968608486e-09,2.7100646019733e-08
"PBANKA_081540",809.532574542712,-5.58222118024223,0.811364340038302,-4.41505869000001,1.00982589379543e-05,0.00013523170059953
"PBANKA_081580",99.4594930166395,-3.88919261435917,0.386416837531872,-4.88900180029901,1.01348568998714e-06,1.61922926068216e-05
"PBANKA_081650",216.584319791533,-4.76937154870114,0.663103772977827,-4.17637730556805,2.96188383420014e-05,0.000362611695441425
"PBANKA_081680",254.476946650724,-5.21182118307151,0.618635418546382,-5.19178353967896,2.08289080860322e-07,3.81371777256642e-06
"PBANKA_081710",177.449407145544,-4.03962701500267,0.387247715654152,-5.26698268976815,1.38684278229751e-07,2.64458775721065e-06
"PBANKA_081820",84.5680544854133,-4.15987016371356,0.555062081821837,-3.89122268382013,9.97403410200408e-05,0.00108898557029269
"PBANKA_081840",341.830923646049,-7.94283978108839,0.662406545984408,-8.97158975422969,2.92265163763828e-19,2.81254243640633e-17
"PBANKA_081960",613.397860376718,-6.41237170356672,0.624300162334659,-7.06770872374281,1.57512727333394e-12,6.65089454801615e-11
"PBANKA_082020",11552.3088948655,-15.1531534928696,0.928534959516439,-14.1654908714687,1.49816394094639e-45,3.09970119381808e-42
"PBANKA_082100",594.830077579302,-5.41146613421713,0.703840648563598,-4.84692968668302,1.25386841978494e-06,1.93601026905601e-05
"PBANKA_082120",327.024192112353,-4.54023951385669,0.649178336850182,-3.91300721182711,9.11538112229289e-05,0.00100051583777316
"PBANKA_082130",185.351780627693,-4.59387181529724,0.534110045675312,-4.8564370513152,1.19516751992383e-06,1.88322019624308e-05
"PBANKA_082140",714.351087014776,-7.45076249440072,0.632047261582182,-8.62397929033981,6.46668190231807e-18,5.5748186899567e-16
"PBANKA_082290",481.956579937984,-3.90869139921431,0.580651642370092,-3.28715405233929,0.00101205452907853,0.00876125866386391
"PBANKA_082380",213.527008314725,-6.08551588089073,0.751372691036641,-5.43740267596643,5.40628632359694e-08,1.09127867351435e-06
"PBANKA_082420",1315.34753601477,-9.23662794615762,0.84314658062296,-8.5828823984684,9.25249352996809e-18,7.50721926019764e-16
"PBANKA_082450",184.994020572953,-7.09925089051455,0.656901846092882,-7.76257658711702,8.3221085129555e-15,4.85026549670561e-13
"PBANKA_082570",471.739598747371,-6.02751432260081,0.795759807822394,-5.06121857752799,4.1658529419908e-07,7.18262478081581e-06
"PBANKA_082590",1562.76857315725,-6.47802913891258,0.885516438690659,-5.05696895422278,4.25972551757952e-07,7.28377859162977e-06
"PBANKA_082740",335.593951885242,-4.72841526944106,0.727676989674888,-3.74948680273656,0.000177196821126394,0.00179715795544367
"PBANKA_082830",267.322327708045,-5.68977903424095,0.809769708846146,-4.55657823938435,5.19936774273879e-06,7.36814510940175e-05
"PBANKA_082880",494.681551829424,-5.90449869356238,0.623142946992693,-6.26581543192554,3.70879416940354e-10,1.08077396288675e-08
"PBANKA_082920",394.531708125332,-4.72903132391458,0.564039902186901,-4.83836571372619,1.30911097873477e-06,2.01379227881207e-05
"PBANKA_082930",464.650368943705,-6.02367150077327,0.582132325611305,-6.91195338885872,4.78024939939134e-12,1.83154370506309e-10
"PBANKA_082960",221.013431621133,-6.43796608350832,0.704138409059444,-6.30268996323657,2.92523673011944e-10,8.70836661095988e-09
"PBANKA_083040",2388.86914239756,-7.32211248297534,0.600892964413313,-8.85700581994937,8.2192244912688e-19,7.72980703292506e-17
"PBANKA_083240",386.641494248639,-6.27380122262834,0.649092658576153,-6.58426985140047,4.57126217448809e-11,1.51327063024254e-09
"PBANKA_083290",1643.54223508013,-5.70061709701605,0.656757886851891,-5.63467477300443,1.75389010716681e-08,3.9230255478142e-07
"PBANKA_090300",896.905206574922,-4.53751921677486,0.630919824476193,-4.02193609763583,5.77217194463525e-05,0.000663479097413907
"PBANKA_090450",508.654176621809,-4.19824331302914,0.544039433167267,-4.04059555064142,5.33156369417371e-05,0.000623220637471492
"PBANKA_090530",233.478206902543,-6.01251172561789,0.60279248059359,-6.65653911552884,2.80350547448335e-11,9.83127597746788e-10
"PBANKA_090600",56.9776597163382,-4.21947751354582,0.641358855271412,-3.46058605927657,0.000539000919294121,0.00488049410074195
"PBANKA_090610",204.356116630454,-5.44651328332109,0.732275514407551,-4.70657999005948,2.51907167806602e-06,3.74961100857452e-05
"PBANKA_090680",99.3738206599492,-7.38064992281016,0.78625172467828,-6.84341891270486,7.73251020817201e-12,2.88262407580322e-10
"PBANKA_090700",472.448123647826,-6.16251082279876,0.634361016459599,-6.56173805576823,5.31841833874232e-11,1.73288307761541e-09
"PBANKA_090710",819.798652438516,-5.53432150117412,0.719372550114197,-4.91306139025329,8.96651859190893e-07,1.44371416082954e-05
"PBANKA_090860",1647.48036674522,-10.8215440776297,0.753787372719864,-11.7029608041843,1.23082680211869e-31,6.36645163395895e-29
"PBANKA_090950",213.872641840706,-4.23910613106109,0.595970838132341,-3.75707331264399,0.000171912144804188,0.00175647519802402
"PBANKA_090980",746.035324901178,-5.375399184414,0.635558978169675,-5.31091417217439,1.09076694059015e-07,2.11905802824508e-06
"PBANKA_091490",134.983850950471,-4.06017914339407,0.533402709605667,-3.86233347955266,0.000112309115792293,0.00121977722086223
"PBANKA_091630",77.6312272824661,-6.89505606155933,1.0667422315994,-4.58878997808121,4.45822686735412e-06,6.38344040730497e-05
"PBANKA_091650",69.6735626367977,-4.65717407769196,0.732167407468476,-3.62918924085865,0.000284312765476461,0.00277473165929621
"PBANKA_091665",418.056491500187,-9.97576567449769,1.06374169050299,-7.49784063716295,6.48777081835537e-14,3.44184559568648e-12
"PBANKA_091670",2024.03235501572,-7.01701384159367,0.737738091469012,-6.80053517584216,1.0423121663798e-11,3.85097120042824e-10
"PBANKA_091690",315.207125641876,-3.72285327494331,0.528222171320174,-3.26160727149606,0.00110782507837467,0.00951074724961491
"PBANKA_091700",437.62382295244,-4.83907817081784,0.518917390332132,-5.47115634147603,4.47108648444841e-08,9.06929209443505e-07
"PBANKA_091740",180.30303517864,-3.75265464674138,0.484880537236243,-3.61461125400347,0.000300798627525722,0.00292871698988573
"PBANKA_091780",483.738493888143,-3.80391692205181,0.496867117250032,-3.63058222092819,0.000282782601217843,0.00276632246770552
"PBANKA_091990",370.523493881416,-4.32326417864317,0.631279734671983,-3.68024514496786,0.000233009837888547,0.00230118069017376
"PBANKA_092120",4201.66444159854,-12.584472966191,0.947070122418423,-11.1760182436783,5.34340059761907e-29,1.56080221498606e-26
"PBANKA_092170",1707.94305857074,-4.72420381580169,0.570935547659112,-4.77147346486162,1.82883077222461e-06,2.75189154016925e-05
"PBANKA_092330",504.863044496649,-3.92391581858646,0.464064091594062,-4.14579764613503,3.38632790488612e-05,0.000409725873404057
"PBANKA_092450",565.483024384923,-3.82474173368434,0.517472749737718,-3.52625666686645,0.000421478280774138,0.00390173853656238
"PBANKA_092470",490.587155123532,-3.71273779976231,0.410607977836117,-4.17122387340925,3.02968026386931e-05,0.000368818300875288
"PBANKA_092650",588.692383140016,-5.88027845680816,0.843362415894617,-4.60096203444406,4.20544081956065e-06,6.06345439419581e-05
"PBANKA_092730",165.309363173217,-4.96039403019847,0.717078971778127,-4.12840725597857,3.65284718681537e-05,0.000439403536600058
"PBANKA_092800",346.20082524637,-4.92497673965515,0.559718494768512,-5.22579969572895,1.73404001602575e-07,3.27226377399643e-06
"PBANKA_092920",618.531066865572,-3.78522116199714,0.441121528141752,-4.04700529923687,5.18770672958976e-05,0.000609850296790978
"PBANKA_092930",533.357590591358,-4.77237121278091,0.417857441111986,-6.63472979062711,3.25097522871743e-11,1.11177979309361e-09
"PBANKA_092940",1049.84368059984,-6.41828213919825,0.612175773095352,-7.21734236044338,5.3013393189006e-13,2.49283432972849e-11
"PBANKA_092970",191.651993725662,-3.90450080443826,0.441684673761982,-4.31190149347262,1.61856545398368e-05,0.000209300745268265
"PBANKA_093010",701.485040289479,-3.9743434377078,0.47038933628695,-4.19725381806572,2.70171085798469e-05,0.000337754668590351
"PBANKA_093020",411.609970180284,-3.94578937401394,0.400807956843334,-4.85466753040161,1.20588886869374e-06,1.88568993936278e-05
"PBANKA_093110",1473.99230691909,-6.19331726052301,0.782053025794277,-5.36193470546852,8.23353035679218e-08,1.63016022088067e-06
"PBANKA_093260",668.643401778063,-6.01934902386375,0.628491595234868,-6.39523114443832,1.60304670456526e-10,4.91363500999337e-09
"PBANKA_093350",539.742751337962,-3.91912527030158,0.538207446246452,-3.56577242415704,0.000362786087196877,0.0034274174173988
"PBANKA_093600",401.35341732053,-4.39323960704186,0.64679187663496,-3.7001695498915,0.000215455469230004,0.00214316041267729
"PBANKA_093660",799.328608386409,-5.30377220316467,0.569614044450893,-5.8000188642636,6.63074598388406e-09,1.61400158125366e-07
"PBANKA_093670",809.553752997746,-5.2433473289031,0.668127290887056,-4.85438534414151,1.20760713854794e-06,1.88568993936278e-05
"PBANKA_093750",666.831489902541,-3.93935231405427,0.493872956139893,-3.926824277264,8.60748186540537e-05,0.000949806932241264
"PBANKA_093880",473.595714819678,-5.15333992925358,0.563909896989785,-5.59192159259212,2.24570234237474e-08,4.92222345607854e-07
"PBANKA_093950",564.940413549765,-4.34099755373594,0.561232931623596,-4.17116926293624,3.03040653208308e-05,0.000368818300875288
"PBANKA_093970",296.299003455938,-3.58723319853737,0.47618235050972,-3.33324659521367,0.000858388253835139,0.00752604786211775
"PBANKA_094170",197.925669445809,-4.27206455708033,0.629859307918753,-3.60725725335063,0.000309450817228829,0.00298486592469206
"PBANKA_094340",1284.69691300326,-4.71455196716748,0.671314714847719,-4.04363543227746,5.26287327200016e-05,0.000616933982989708
"PBANKA_100210",1035.99723057108,-5.18419710320025,0.777442633552776,-4.0957325541166,4.20835538709546e-05,0.000501849411867464
"PBANKA_100220",309.540023629215,-8.95244708751094,1.33056243934937,-5.22519415993032,1.73972457776514e-07,3.27226377399643e-06
"PBANKA_100620",1559.79102231295,-8.27350417590488,0.871467552852222,-7.1987811311762,6.07531782404242e-13,2.82468147818961e-11
"PBANKA_100640",1581.63200746635,-12.3087766661893,1.00056836690583,-10.3029208269578,6.83537505816247e-25,1.13139127962705e-22
"PBANKA_100790",504.145221320337,-5.60114626787596,0.63394113090153,-5.68056889250072,1.34247463946555e-08,3.10344137324494e-07
"PBANKA_100960",547.754355978481,-4.57324940261832,0.676820284006934,-3.80196850393442,0.000143550979472257,0.00149249736948794
"PBANKA_100990",896.475035402481,-6.72919027817113,0.710814076768013,-6.6532029017689,2.8678239699714e-11,9.97231561995097e-10
"PBANKA_101160",496.421138115345,-4.97170214508957,0.523571383257203,-5.67582996343734,1.38017823368625e-08,3.17287640610762e-07
"PBANKA_101250",1119.49871926739,-4.74223273214027,0.565098905775534,-4.85265978063941,1.21816567882126e-06,1.89502615750465e-05
"PBANKA_101260",261.937281923862,-4.7652381683851,0.541848494492263,-5.10334197934103,3.3370717263025e-07,5.87608629933606e-06
"PBANKA_101320",579.465430438263,-3.67434863173482,0.465113187702421,-3.59987348457225,0.000318372045647975,0.00306377563928214
"PBANKA_101330",380.562200598317,-4.75626506303523,0.447344478421269,-6.16139283257146,7.21078631825694e-10,2.0160968773613e-08
"PBANKA_101520",785.650103660504,-4.59892872460599,0.506883549477302,-5.12726981825708,2.93974062367134e-07,5.24338219860001e-06
"PBANKA_101540",764.603037081313,-5.10001305240755,0.560162198409742,-5.53413468671797,3.12768571904716e-08,6.63710948995751e-07
"PBANKA_101550",286.785675829455,-3.8834379766454,0.554337456222217,-3.39763794689419,0.00067970309754364,0.00607475468171832
"PBANKA_101580",685.542501703189,-4.21813441023258,0.452667218917397,-4.90014367626949,9.57665958263399e-07,1.5359774167806e-05
"PBANKA_101700",270.112670150483,-9.60193051931948,0.696027861200746,-10.9218767567796,9.06039938368908e-28,2.08288514720586e-25
"PBANKA_101900",180.120932342882,-6.26415504035925,0.808326414615085,-5.27528850135349,1.32547398518104e-07,2.53926451420331e-06
"PBANKA_101910",328.951890877854,-4.54084974561721,0.510824242835896,-4.9740195013287,6.55787075580848e-07,1.09231805060709e-05
"PBANKA_101920",680.700828383385,-4.79841186512121,0.541717086452837,-5.16581797972297,2.39389671200887e-07,4.32573999750773e-06
"PBANKA_101980",393.234537808318,-4.35344782661313,0.507962597117788,-4.63311243773999,3.60208771268819e-06,5.22997858073815e-05
"PBANKA_102000",679.110580062197,-7.27388913851392,0.664278037567177,-7.93927969954987,2.03358730947396e-15,1.21956294008743e-13
"PBANKA_102030",373.657095374557,-4.77092576817561,0.667733393190136,-4.14974868178653,3.32840509401782e-05,0.0004038985419075
"PBANKA_102060",718.014591489279,-5.45313201062807,0.687981705441624,-5.01922069048546,5.18815197415386e-07,8.83480364981427e-06
"PBANKA_102080",539.424814670894,-6.29959981648194,0.535842709439779,-8.02399611068171,1.02359544718513e-15,6.41763327341221e-14
"PBANKA_102110",640.768405876655,-5.60739163946477,0.674223467379198,-5.35043915556249,8.77410494307564e-08,1.72733277031416e-06
"PBANKA_102120",147.359717317245,-4.46948199762206,0.654138752149976,-3.7751654209532,0.000159901515681016,0.00164186717590085
"PBANKA_102310",454.971220003837,-7.16115067325049,0.732949038256017,-7.04162281941316,1.90013618305095e-12,7.9421853792574e-11
"PBANKA_102440",4589.40010228842,-9.46398531674866,0.689876977618524,-10.8192990328719,2.78902272541907e-27,6.07419791462322e-25
"PBANKA_102570",1222.60266269076,-11.1578294158802,0.81979031374397,-11.1709412301501,5.65781373242894e-29,1.56080221498606e-26
"PBANKA_102630",300.031925120576,-3.44585436605362,0.432933106707305,-3.33967151888692,0.000838775372047151,0.0074005383572092
"PBANKA_102760",1157.12526682781,-7.8710729397562,1.05095903101442,-5.58639563151121,2.31830765190604e-08,5.04903003346694e-07
"PBANKA_102770",244.275557791199,-5.29600750139839,0.489689491842805,-6.73081116973699,1.68719811696847e-11,6.12423316492592e-10
"PBANKA_102870",673.775615542783,-4.88965172154842,0.512751570676439,-5.63557848830438,1.744716565231e-08,3.9230255478142e-07
"PBANKA_102890",586.086308260093,-4.97705758889068,0.58555364493591,-5.08417565945905,3.69226113968224e-07,6.41956999832147e-06
"PBANKA_102990",192.080301971932,3.73961814465684,0.442450951176026,3.93177625685508,8.43205258773544e-05,0.000935069590466603
"PBANKA_103000",186.341407939638,4.27312192653272,0.609722038759962,3.72812819945912,0.000192907245473458,0.0019336462332021
"PBANKA_103050",159.914855112774,3.9021566553934,0.436759938662275,4.35515368286614,1.32973592648986e-05,0.000175797037182589
"PBANKA_103450",1689.6788218743,-11.2554265726339,0.935655474615975,-9.89191729619562,4.51300397706592e-23,5.65903347184812e-21
"PBANKA_103520",296.821683765812,-4.92400490805518,0.76247991447193,-3.83486155183544,0.000125635041647012,0.00133644679263582
"PBANKA_103620",447.41794419218,-4.84045791402839,0.548614043851216,-5.17751586176807,2.24859831715151e-07,4.08100870016358e-06
"PBANKA_103780",22296.8903958969,-14.7196861761212,0.839411484239922,-15.1531000170181,7.22754649147235e-52,2.99075873817126e-48
"PBANKA_103880",159.01764580215,-4.22907788282067,0.583719576023355,-3.81874786178404,0.000134130771174267,0.00140871353075918
"PBANKA_110290",459.860295248087,-5.22739561514139,0.588053644530389,-5.48826734628733,4.05895421354485e-08,8.31482798794484e-07
"PBANKA_110330",687.474209830695,-6.25668766033907,0.720178509509261,-5.91060078040878,3.40862228987285e-09,8.49691508162279e-08
"PBANKA_110350",232.335223533854,3.76611256284752,0.44032572165005,4.01092299634303,6.04818357926142e-05,0.000691364189253695
"PBANKA_110390",911.653841268304,-6.96404995673165,0.583372286756953,-8.50923170232767,1.75089640252606e-17,1.34170542845423e-15
"PBANKA_110420",662.382627329939,-4.28744388046642,0.586736065221665,-3.89859089299759,9.67540826453148e-05,0.00105917564546644
"PBANKA_110500",211.167673856547,3.81618283680824,0.508420420606318,3.57220670767383,0.000353985825967826,0.00335961777030932
"PBANKA_110590",292.927630532375,-3.67730867178934,0.500633545251555,-3.35037211888495,0.000807030637591098,0.00713566832981189
"PBANKA_110600",367.39523864442,-5.34775630498051,0.558641709369585,-5.99267159761197,2.06421435833047e-09,5.37215032375566e-08
"PBANKA_110690",1253.89879451362,-11.4290004097401,0.92661438207002,-10.1757544370034,2.54420708862461e-24,3.75997461883165e-22
"PBANKA_110760",2770.39948426164,-7.06340886658064,0.680561252855622,-7.4400487029414,1.0064818645173e-13,5.20602744421574e-12
"PBANKA_110770",1262.14611834883,-4.84335681011989,0.561999723790834,-5.05935624121078,4.20674293263519e-07,7.22302998142922e-06
"PBANKA_110910",126.811818978097,-4.27800402528426,0.592127613755162,-3.8471504661598,0.000119499585257844,0.00128140631891891
"PBANKA_110930",625.949380418023,-4.96883836551295,0.615263003383158,-4.82531592048953,1.39781517647559e-06,2.12652911774118e-05
"PBANKA_110990",995.802204319037,-8.47491179675673,0.681370574019605,-9.50277579285428,2.04368580385823e-21,2.22546627799088e-19
"PBANKA_111000",439.27480614773,-5.88189177770035,0.645715903526609,-6.01176423950411,1.83515080841552e-09,4.83684971033338e-08
"PBANKA_111020",419.333166235184,-4.99086570928264,0.722256821113337,-4.14100029498138,3.45794515899926e-05,0.000417171343088598
"PBANKA_111060",149.548750960138,-4.4586320026414,0.643829177144834,-3.81876449517961,0.000134121728752735,0.00140871353075918
"PBANKA_111270",86.2516277099258,-4.17651102334431,0.66746048545385,-3.26088370889007,0.00111065580902411,0.00951530794563514
"PBANKA_111340",519.987684827048,-4.78987033661515,0.622334239250557,-4.48291313679741,7.36309064808262e-06,0.000100364456417413
"PBANKA_111370",502.391965024664,-6.21220205502334,0.573319324898004,-7.34704356210688,2.02638841969249e-13,1.0102644916491e-11
"PBANKA_111380",355.969568874088,-4.61516361893713,0.423462234042158,-6.1756714264082,6.58828766621539e-10,1.8672831755342e-08
"PBANKA_111410",411.73258526212,-5.33525225290339,0.872844522270844,-3.82112984363607,0.000132841685003627,0.00140587952057547
"PBANKA_111420",331.018263250561,-3.7970271205008,0.506320750140044,-3.54918719014332,0.00038642227696981,0.00363412586841153
"PBANKA_111500",1171.35061094414,-5.15762180477914,0.737175875009029,-4.28340361076041,1.84055854024348e-05,0.000236528920482222
"PBANKA_111560",196.94801462071,-3.79403927710025,0.479760508229339,-3.73944759171935,0.000184425091928603,0.00186134397658673
"PBANKA_111570",1000.55045201878,-4.66784423575682,0.502801730455521,-5.30595675026783,1.12083533004442e-07,2.1672974746373e-06
"PBANKA_111690",579.251759069733,-4.67546164600414,0.59044200112702,-4.53128612276446,5.86256716125494e-06,8.25146357594318e-05
"PBANKA_111730",924.33691699954,-5.89090738901815,0.555595284827731,-7.00313248739067,2.50301926548668e-12,1.02549442778058e-10
"PBANKA_111830",199.399371270263,-3.52808650847487,0.434221383229582,-3.51914154275294,0.000432945657260476,0.00398117584387522
"PBANKA_111850",935.40936646168,-4.8748568930649,0.520260842968568,-5.52579909081987,3.27989297826185e-08,6.92236477195959e-07
"PBANKA_111920",7574.28844357884,-12.4759585813605,0.794666798414114,-13.1828315996931,1.10176537983387e-39,1.51970171391752e-36
"PBANKA_112040",1708.74774643283,-5.46040261040937,0.803861490538472,-4.30472494470583,1.67193333018445e-05,0.000215528352657422
"PBANKA_112100",524.172987945575,-6.23043809223976,0.6570348475022,-6.43868146160329,1.20515819725768e-10,3.77798834867598e-09
"PBANKA_112140",223.403907209621,-3.62031896638101,0.441089940465032,-3.67344348110215,0.000239303626897425,0.00235771049547986
"PBANKA_112220",239.214107123423,-4.00898498127856,0.570122652447991,-3.52377680952052,0.000425442450326033,0.00392964477555608
"PBANKA_112230",173.785435629737,-3.71579955225012,0.521953202786239,-3.28726702526396,0.00101164857682371,0.00876125866386391
"PBANKA_112310",175.380460562165,-3.94459437661457,0.459302260029297,-4.2338010191601,2.29774267189344e-05,0.000290766335666515
"PBANKA_112320",355.948545961233,-5.23676275123174,0.631866735597694,-5.12254019539425,3.01446808514431e-07,5.35359181816616e-06
"PBANKA_112330",843.048740655902,-4.04346144289353,0.50919377476951,-4.0131312363717,5.99185780573165e-05,0.000686822925211013
"PBANKA_112400",276.277895108382,-4.4332937500176,0.630702476246841,-3.8580691239672,0.000114286329212605,0.00123476979185837
"PBANKA_112460",168.188095536515,-4.05295072045639,0.548614801107826,-3.74206221981405,0.000182516308936077,0.00184658309627747
"PBANKA_112470",2125.42489260936,-11.2026037766895,0.870845427570495,-10.5674365224184,4.21868612792359e-26,7.58996660754252e-24
"PBANKA_112510",371.475577229606,-5.24279270536036,0.762284064564968,-4.2540476130916,2.0994063040914e-05,0.000267302870348622
"PBANKA_112740",122.671015312714,3.81563018980094,0.508421396625452,3.57111286395857,0.00035546766741759,0.00336596157385352
"PBANKA_112880",667.015210143322,-5.89640774470378,0.561776964580867,-6.93586243360979,4.03750351185148e-12,1.57614995585297e-10
"PBANKA_112890",640.666981146419,-6.32876103819634,0.716265156869263,-6.04351753911499,1.50789975260479e-09,3.99980075402475e-08
"PBANKA_112900",1328.35633916723,-7.20193944104229,0.746988882410617,-6.96387799541949,3.31031319057842e-12,1.30457866501081e-10
"PBANKA_112980",422.248891665557,-5.3684565985525,0.648703895336703,-5.19259499251833,2.07382997328828e-07,3.81371777256642e-06
"PBANKA_113010",340.390873283975,-4.52620807496944,0.653079235589736,-3.86814943318211,0.00010966445560753,0.00119418820343147
"PBANKA_113130",381.292232500489,-9.13447241356756,0.767456665211777,-9.29625441665665,1.45480455322168e-20,1.50499531030783e-18
"PBANKA_113140",549.983114389198,-5.61684951660746,0.500231493530968,-7.23035147402919,4.81745601589436e-13,2.29133712572079e-11
"PBANKA_113150",392.361971901741,-3.57165397651172,0.421578847770923,-3.72801905224078,0.000192990791278992,0.0019336462332021
"PBANKA_113810",1672.54145562276,-9.24674687310945,0.720986017446542,-10.051161461875,9.0790959638165e-24,1.25230996994242e-21
"PBANKA_114140",306.066049018587,-4.10105416531156,0.419509033448006,-5.00836453518698,5.48944909026992e-07,9.30956571128562e-06
"PBANKA_114190",488.531636721563,-7.73147680409938,0.715115501292708,-8.01475676829636,1.10355186373544e-15,6.71543766490772e-14
"PBANKA_114340",393.191513257901,-5.77758073962996,0.595195535033428,-6.34678944528338,2.19854702096289e-10,6.64057487061638e-09
"PBANKA_114370",3353.70787448307,-10.6689750230637,0.80949670089316,-10.7090924688127,9.22617979283708e-27,1.90889659913799e-24
"PBANKA_114380",1340.42228333911,-7.18507946573553,0.551353132734924,-9.40428041102358,5.23874356081908e-21,5.55844124478701e-19
"PBANKA_114560",572.081886224823,3.34266317580916,0.406348608733274,3.30421501871188,0.000952427532671126,0.00827971666006957
"PBANKA_120070",401.018078307537,-7.4458302844431,0.668061573636533,-8.15168915463766,3.58875791991709e-16,2.35718734485983e-14
"PBANKA_120200",7117.10669231779,-7.94599904200232,0.965027093519252,-6.16148404737375,7.20663319901692e-10,2.0160968773613e-08
"PBANKA_120450",260.767905128576,-5.91461480585892,0.635720259232475,-6.15776318122245,7.37795708411305e-10,2.04899237678254e-08
"PBANKA_120460",210.912165758445,-4.95986097064274,0.624806912033397,-4.73724107982424,2.16647385576004e-06,3.23641473470579e-05
"PBANKA_120470",112.074048231706,-4.20912221900532,0.591211889745899,-3.73659978312479,0.000186525449391209,0.00187796182379762
"PBANKA_120800",116.127160036239,-5.037325181814,0.677578561610429,-4.48261700399,7.37331917614634e-06,0.000100364456417413
"PBANKA_120890",284.288408020003,-4.74047098809232,0.713910487151645,-3.8386759088331,0.000123699577428679,0.00131924961700998
"PBANKA_120940",1016.27628401707,-7.21651168416949,0.633555040885093,-8.23371506425375,1.81495093706763e-16,1.25171116293098e-14
"PBANKA_120970",215.269327598474,-5.19031328630438,0.5550887205438,-5.74739346744236,9.06296642263227e-09,2.13082699186661e-07
"PBANKA_120990",2777.76619701784,-8.10011938813905,0.692553561347487,-8.80815539562047,1.27221990204264e-18,1.14444477275054e-16
"PBANKA_121000",313.031653486995,-3.89482319033482,0.565384484995499,-3.3513887285922,0.000804073452496167,0.00712474506730008
"PBANKA_121370",653.403569584684,-4.26105176639035,0.502888742286102,-4.49612722709152,6.92023381450296e-06,9.51359718419045e-05
"PBANKA_121600",255.864807429832,-3.91146071248721,0.483251924035095,-3.95541252381727,7.64027008950213e-05,0.000861456066222339
"PBANKA_121830",453.320962499952,-4.24804433070939,0.656156784074686,-3.42607801255852,0.000612364474008554,0.00549666853242386
"PBANKA_122060",1043.24963491824,-4.14018521798762,0.560243056848129,-3.82010127894862,0.000133396887271615,0.00140815387635189
"PBANKA_122150",1196.14283181951,-6.57688663990561,0.578000438588457,-7.91848298780342,2.40425831053783e-15,1.42126012700079e-13
"PBANKA_122250",1418.01847682183,-6.9927579775027,0.725103308805931,-6.88558156730046,5.7551926274615e-12,2.18486120114089e-10
"PBANKA_122270",723.172330495215,-4.41920874686722,0.627376228043115,-3.8560733396181,0.000115222932114778,0.00124164711742436
"PBANKA_122320",198.527043368776,-4.25574760874775,0.576111488984492,-3.91547061962597,9.02280323970689e-05,0.000992988292710295
"PBANKA_122460",506.046375760077,-4.37511287317957,0.527930981106443,-4.49890792202001,6.83034314900264e-06,9.45282941490733e-05
"PBANKA_122540",5972.72456083225,-11.0909204006755,1.26996156030102,-7.1584217072843,8.1611175313812e-13,3.71106641152257e-11
"PBANKA_122550",722.338798569124,-5.6409406387001,0.842374586714996,-4.32223466391438,1.54456780436384e-05,0.000200358043086444
"PBANKA_122570",837.330216927264,-4.82136076836039,0.564598509857085,-4.99710983841341,5.81959244202473e-07,9.82917286738707e-06
"PBANKA_122680",596.645710157389,-3.81502263838415,0.445548570212959,-4.07368076058829,4.62759037179628e-05,0.000549366824630986
"PBANKA_122830",4669.30437197986,-4.98032974541572,0.601650241790784,-4.95359186849973,7.28559367449631e-07,1.20110703685521e-05
"PBANKA_122890",8079.59275440884,-11.5359434250797,0.856611439749902,-11.1321691289388,8.74804127509947e-29,2.2624621747726e-26
"PBANKA_122900",456.798271548016,4.49445721415414,0.704194837540656,3.54228273366194,0.000396680050098728,0.00370533193523372
"PBANKA_122980",211.073548136368,-4.06037304158624,0.549294519721428,-3.75094410669008,0.000176169971781898,0.00179113352145822
"PBANKA_122990",622.794150575618,-5.69811567312956,0.671909270326912,-5.50389142767783,3.71498383948256e-08,7.68630156388941e-07
"PBANKA_123130",1029.67717460429,-5.37716074260237,0.748270288594113,-4.5132899088477,6.3829676133023e-06,8.8931717117323e-05
"PBANKA_123200",391.001424574999,-9.03511518775097,0.722563146606253,-9.73633269395709,2.11033093022106e-22,2.49501411121565e-20
"PBANKA_123280",516.789170873431,-5.20638151420398,0.495719529609243,-6.46813636075918,9.92189455952838e-11,3.13410684636095e-09
"PBANKA_123320",692.598966873294,-7.74063168315512,0.542161062787195,-10.5884248744148,3.37218268306875e-26,6.34276906479022e-24
"PBANKA_123360",662.751843685974,-5.34207827773754,0.798505305466344,-4.18541774845904,2.84642127299487e-05,0.000350833600342594
"PBANKA_123370",2954.95212245133,-11.7588779421548,1.02486550335726,-9.52210598384527,1.69704442698253e-21,1.89793779428479e-19
"PBANKA_123900",1315.61578744812,-5.75497696735288,0.648360805897743,-5.7914928434849,6.97635322604113e-09,1.6698428465509e-07
"PBANKA_124010",714.119978923849,-5.60248850055397,0.650825576389795,-5.53525957067852,3.1076776692067e-08,6.62864443050378e-07
"PBANKA_124060",3682.09545780271,-8.27435506496095,0.966534961981568,-6.4915965917026,8.49314292845078e-11,2.70343272599456e-09
"PBANKA_124070",130.09454565586,-5.17394212309398,0.754146836943578,-4.20865270211488,2.5689789002424e-05,0.000323113516389151
"PBANKA_124290",204.280719346177,-4.65861981029031,0.568932008331782,-4.67300094098396,2.96830406286346e-06,4.3556178057195e-05
"PBANKA_124300",302.255826304429,-5.43077669799949,0.668682753972248,-5.13064929163984,2.88744445163354e-07,5.17240049387861e-06
"PBANKA_124310",237.388398332505,-4.652145304338,0.566587681434132,-4.68090887120059,2.85605882756432e-06,4.20582613112496e-05
"PBANKA_124320",1037.92959006172,-5.73940000165,0.71700910771437,-5.21527545663986,1.8354427695377e-07,3.42119918033649e-06
"PBANKA_124350",420.273500968973,-5.79172283021193,0.632680667724113,-5.99310682883922,2.05869513932009e-09,5.37215032375566e-08
"PBANKA_124520",667.977662972881,-4.71121120866236,0.672769376478599,-4.02992660405166,5.57942713410035e-05,0.000646713430837738
"PBANKA_130070",805.290212007464,-4.89823813350928,0.718212395149295,-4.03534964459478,5.45210449408889e-05,0.000635515729479995
"PBANKA_130570",387.190646838607,-3.84171121848582,0.500197739301895,-3.68196629808087,0.000231442011350301,0.00229665957546174
"PBANKA_130730",226.822457860946,4.16423205508525,0.57297807652353,3.77716381090259,0.000158624407408038,0.00163280546729965
"PBANKA_130980",91.2226635889649,-4.03488227665219,0.56643666816484,-3.59242681665519,0.000327612677042969,0.00313085740786099
"PBANKA_131070",1496.9704945142,-4.1577635496495,0.487951495828537,-4.42208614605359,9.77524644989651e-06,0.000131331070810623
"PBANKA_131130",1101.73774696237,-9.86017268315605,0.790570126747105,-9.94241044181326,2.721603798489e-23,3.51937391192109e-21
"PBANKA_131140",277.441806628021,-6.40310579194866,0.770255402346274,-5.71642312217008,1.08789653524723e-08,2.54334229539719e-07
"PBANKA_131230",773.344617705557,-6.60169998486895,0.533765143257243,-8.62120736619776,6.62518080442975e-18,5.59489758545517e-16
"PBANKA_131270",8202.96198669272,-7.82403746322567,0.992492281673495,-5.86809345600698,4.4083476528963e-09,1.09231991543023e-07
"PBANKA_131280",882.609162222459,-4.46275371029889,0.559269296256159,-4.40352031979042,1.06508302830363e-05,0.000141260050356424
"PBANKA_131310",1478.38413811158,-4.94934688752128,0.868364001845415,-3.39644075670277,0.000682683337087013,0.00608824062255616
"PBANKA_131530",1125.63552647924,-5.36581074831737,0.883247669281956,-3.81072134733584,0.000138561883407463,0.00144790170085879
"PBANKA_131670",164.616827825329,4.29979213872829,0.489906939399646,4.69434489241275,2.67462457886103e-06,3.95271303833104e-05
"PBANKA_131720",1100.94442316348,-5.28808854531441,0.785640259401138,-4.18523427989903,2.8487213560926e-05,0.000350833600342594
"PBANKA_131860",3313.08738299683,-7.32436539715334,0.908607474346509,-5.85991811368572,4.63095470663475e-09,1.14064824857468e-07
"PBANKA_131950",1891.17633020289,-5.37559943005019,0.937895077728849,-3.5991226632987,0.000319292565579956,0.00306550495677461
"PBANKA_132080",1387.28804357798,-5.27079761785286,0.659840770079369,-4.95694986755583,7.16084439549992e-07,1.18526296434315e-05
"PBANKA_132430",419.924392558272,-7.51528838463934,0.756642905750695,-7.28915627533361,3.11902098218438e-13,1.51841280285635e-11
"PBANKA_132520",162.74027568144,-5.40956207558122,0.815487638631552,-4.18101012702377,2.90216936748784e-05,0.000356355395924768
"PBANKA_132540",131.457879813703,-4.80270310986664,0.746608927841014,-3.75391052176577,0.000174097032534054,0.00177441753848748
"PBANKA_132560",328.932248017913,4.06419239742723,0.524112421352727,3.93845349457579,8.20084848866306e-05,0.000914693020110182
"PBANKA_132910",712.984960103967,-4.94434671279243,0.838559856025043,-3.51119445038698,0.000446097960704849,0.00409302297427198
"PBANKA_132940",410.751524656194,-5.21376550147868,0.797818110242846,-4.02819321875314,5.62071424848769e-05,0.000649679205593353
"PBANKA_132990",460.108689561261,-6.1820446609378,0.62269523288925,-6.71603770199666,1.86732498171027e-11,6.6611989433768e-10
"PBANKA_133010",701.412386011322,-4.62469774679139,0.689299763810482,-3.80777404054505,0.000140223309990189,0.0014615719313335
"PBANKA_133070",475.687020529265,-4.22035565872648,0.399194042307647,-5.56209618232558,2.66553303318492e-08,5.77485638288963e-07
"PBANKA_133370",879.109367923652,-5.11555826542277,0.716382526245028,-4.34901487861967,1.36750435255544e-05,0.000180214427097911
"PBANKA_133470",452.381717913149,-5.60912397652179,0.806872891061734,-4.47297711511001,7.71380357151393e-06,0.000104654816980081
"PBANKA_133660",1591.61237056212,-7.80981613265585,0.825926194492174,-7.03430424098372,2.00257737045377e-12,8.28666515893769e-11
"PBANKA_133680",519.139529731388,-7.68302243723642,0.819992254058047,-6.9305806355021,4.1911678563797e-12,1.62084603642049e-10
"PBANKA_133790",127.546140123537,-4.19002546259896,0.619384582352483,-3.53580880925551,0.000406528795188349,0.00378877512272384
"PBANKA_133810",731.88225907002,-5.92469710743556,0.696473188289622,-5.63510149913124,1.74955262249715e-08,3.9230255478142e-07
"PBANKA_133820",354.814217004587,-5.82945189951642,0.784266066977257,-4.88284787620101,1.04564540159326e-06,1.66418487376651e-05
"PBANKA_134070",84.9706479250847,-3.92491246246929,0.517438406069109,-3.72008038037324,0.00019915938298607,0.00199063170723758
"PBANKA_134200",1436.73771319327,-6.89068027161194,0.533593127623223,-9.165560833582,4.92899977002492e-20,4.97468318252759e-18
"PBANKA_134230.2",119.69476230801,-6.4427255530851,0.698534948050791,-6.3600619632306,2.01672378355753e-10,6.13617868850078e-09
"PBANKA_134250",3683.61142189099,-5.06886939847148,0.856981834398186,-3.5810203615653,0.000342254977384609,0.0032632513742339
"PBANKA_134340",1028.1541198541,-5.38329356847516,0.50919529855083,-6.64439278623352,3.04469636991539e-11,1.04991279822582e-09
"PBANKA_134380",595.223055634533,-5.78954313188886,0.532858548770883,-7.11172437906832,1.14601954676397e-12,4.99181987843087e-11
"PBANKA_134470",250.26922406718,-5.8092638475336,0.939699613452587,-4.05370375064627,5.04130514998227e-05,0.000596026306017904
"PBANKA_134500",554.234879888354,-4.53895174261699,0.513493325924395,-4.94446882643771,7.6351757551579e-07,1.25374433630331e-05
"PBANKA_134550",627.346375046429,-4.55477482932264,0.465374471285774,-5.48971846750445,4.02574900020444e-08,8.28783550390346e-07
"PBANKA_134570",243.243986101612,-3.91312381896985,0.423102557385887,-4.52165505874028,6.13579888286032e-06,8.57768100583649e-05
"PBANKA_134590",391.618912604743,-6.29030262750644,0.717096644985047,-5.98287923602809,2.19227311111402e-09,5.63455039365826e-08
"PBANKA_134630",599.593445489461,-4.89104932957012,0.655088207910519,-4.41322144813362,1.01843728511446e-05,0.000135507829125519
"PBANKA_134690",131.850654855882,-5.17802351407784,0.502650282339912,-6.32253402760198,2.57308337584817e-10,7.71552102120271e-09
"PBANKA_134720",1149.67814541343,-5.71975674661997,0.450816468927336,-8.25115541025084,1.56870389800217e-16,1.1002197847344e-14
"PBANKA_135170",807.967494405554,-3.70567621937874,0.452115277810028,-3.7726577779914,0.000161517761830279,0.00165435766943983
"PBANKA_135250",1580.10870222204,-6.52915406898122,0.684682608172225,-6.61496876789655,3.71630198079474e-11,1.25024858508363e-09
"PBANKA_135280",425.694550049302,-3.88595502989663,0.564985479030658,-3.33805929513862,0.000843657437400404,0.00742777548077207
"PBANKA_135340",2950.3161329204,-9.97714880715346,0.665320749095316,-11.9899293957096,4.01247025608499e-33,3.32072038393594e-30
"PBANKA_135350",440.687767564374,-5.3838252647166,0.584204706874586,-5.79219103320752,6.94740542564553e-09,1.6698428465509e-07
"PBANKA_135460",458.471718065234,-8.89615387596473,0.905858351070244,-7.61283910207058,2.68139512264689e-14,1.49940716452876e-12
"PBANKA_135490",1560.89669549875,-6.09317718815416,0.689300874887466,-5.93815754088866,2.8824299684186e-09,7.22878497534312e-08
"PBANKA_135570",5394.75932573942,-6.71691955370649,0.90397335955062,-5.21798513625595,1.80879975765585e-07,3.38679339238909e-06
"PBANKA_135850",310.821301875107,-6.5950522741623,0.769072163544572,-5.9747998848173,2.30372793209686e-09,5.88446060680049e-08
"PBANKA_136040",397.82088197782,-4.30965355949003,0.67164613624545,-3.43879527454913,0.000584308931532385,0.00525623991017611
"PBANKA_136100",544.191297648208,-4.917245598114,0.528553062633516,-5.5193050695399,3.40342895661748e-08,7.11282273862784e-07
"PBANKA_136180",141.811465656978,-4.432485826413,0.635645458920393,-3.82679651412036,0.000129821745844188,0.00137744201103397
"PBANKA_136250",627.510351360855,-6.16268780512631,0.619062147792346,-6.72418402574117,1.76579151010695e-11,6.3537784946283e-10
"PBANKA_136270",578.197807780164,-5.78958889930983,0.560878942390935,-6.75651840868804,1.41347029176516e-11,5.17605315692411e-10
"PBANKA_136280",88.1125826542146,-4.99125420801439,0.641027514863842,-4.66634292390671,3.06607832363296e-06,4.48319155589866e-05
"PBANKA_136370",461.804435791258,-7.18734136980868,0.590010103887901,-8.79195345236706,1.46981668590861e-18,1.29406413750847e-16
"PBANKA_136440",2020.6097711517,-7.26269885453289,0.859576349549168,-6.1224332862265,9.21570071026873e-10,2.50885325915079e-08
"PBANKA_140090",412.280757659511,-6.33807178170064,0.897262466353506,-4.83478574483413,1.33289116874339e-06,2.0427791319482e-05
"PBANKA_140920",15232.2942647168,-11.1349739107721,0.889470431900265,-10.270126564248,9.60785305318277e-25,1.4724924420026e-22
"PBANKA_141150",344.554737078864,-5.22272502282714,0.672622730437032,-4.79128176464272,1.65719207599492e-06,2.5027229235281e-05
"PBANKA_141450",657.786409304243,-5.17954943608663,0.689590325606177,-4.61078022417394,4.01160476459483e-06,5.80420297758511e-05
"PBANKA_141520",346.941352661825,-4.28276926213356,0.640803605122741,-3.56235396287497,0.000367544370407045,0.00346446151422404
"PBANKA_141680",499.413487491975,-6.0092701946732,0.53932172757191,-7.43391187431556,1.05432225477079e-13,5.38615492622410e-12
"PBANKA_141740",574.437001588077,-6.83666075489453,0.660601649117091,-7.32159957723211,2.45032394837875e-13,1.20707624980849e-11
"PBANKA_141930",877.954974608129,-5.45696074511125,0.825839695075387,-4.18599489189689,2.8391973280763e-05,0.000350833600342594
"PBANKA_142290",5373.43588610285,-9.21380981015216,0.93230385869793,-7.73761659661806,1.01297772458088e-14,5.82180808932733e-13
"PBANKA_142300",884.411253309669,-6.19896544583099,0.77597189331421,-5.41123394031325,6.25919381675022e-08,1.2573079618307e-06
"PBANKA_142310",482.73126944373,-4.57310057838844,0.463977858359244,-5.54574002192183,2.92713483834558e-08,6.27589842542696e-07
"PBANKA_142370",469.676182477657,-6.15233111089012,0.627191150312494,-6.62051929275668,3.57939194031407e-11,1.21405933188685e-09
"PBANKA_142450",267.940410059551,-4.7468075742176,0.607046711114598,-4.52487020179087,6.04325832357054e-06,8.47695015014742e-05
"PBANKA_142520",918.886796051198,-4.95705047356913,0.774908468251331,-3.81599968863684,0.00013563267468137,0.00142088103248483
"PBANKA_142920",1039.93457055645,-6.93252586019339,0.803022521648002,-6.14245021431108,8.12581507598287e-10,2.24164151896114e-08
"PBANKA_142960",379.219854240409,4.07076249343275,0.513660675980363,4.03138217555886,5.54497928138118e-05,0.000644525962538071
"PBANKA_143030",450.540985184541,-5.41558922534502,0.701791710366433,-4.86695578601464,1.13330370415941e-06,1.79678571946806e-05
"PBANKA_143060",251.039116321804,-4.75063515091845,0.422155056283099,-6.51569869880668,7.23520769451724e-11,2.33900698749315e-09
"PBANKA_143230",19741.4112045241,-13.9340602870547,1.13399901398198,-10.5238718375503,6.70599391355742e-26,1.15622511726253e-23
"PBANKA_143270",271.056868886138,-3.84446283727054,0.469182437193267,-3.93122736712919,8.4513297930041e-05,0.000935069590466603
"PBANKA_143360",398.941859496935,-5.61275344148812,0.74395483384668,-4.85614620286567,1.19692342100515e-06,1.88322019624308e-05
"PBANKA_143370",728.94270005082,-5.2655073937216,0.614574010535188,-5.31344856395393,1.07569808879212e-07,2.0996408921801e-06
"PBANKA_143520",513.279541468139,-5.32246248273986,0.605928599857548,-5.48325740610521,4.17564754193968e-08,8.511738684013e-07
"PBANKA_143590",691.014607203684,-5.01381558827928,0.827823262302042,-3.64065100067175,0.00027194955836248,0.00266665230451171
"PBANKA_143660",1528.08282967812,-5.21403257363209,0.964411857577716,-3.33263485758531,0.00086027766521415,0.00752606549398764
"PBANKA_143760",1772.14442317617,-5.80710080219153,1.16243234676819,-3.27511602096765,0.00105618587170065,0.00910520236895266
"PBANKA_143770",851.794448750999,-4.89781551987852,0.753249814705437,-3.84708427842326,0.000119531860585476,0.00128140631891891
"PBANKA_143900",178.017113369597,-5.27733033774183,0.578980508011324,-5.66051929623464,1.50915617349824e-08,3.45021450051697e-07
"PBANKA_143910",1209.54778869879,-4.31753012128391,0.642107192642028,-3.60925737609035,0.000307074827559055,0.00296886830943778
"PBANKA_144300",939.575995462317,-4.00701001141297,0.602122689375502,-3.33322435248963,0.000858456885190811,0.00752604786211775
"PBANKA_144310",300.368623076962,3.44888612457163,0.417780780905736,3.46805356012425,0.000524242791017115,0.00475727339743162
"PBANKA_144480",871.175180846927,-5.09962202851682,0.892289012306631,-3.47378706424287,0.0005131681042358,0.00467225922941513
"PBANKA_144500",735.079046685539,-7.76984018748909,0.719532812351354,-8.0188701452459,1.06722254916184e-15,6.59129389318166e-14
"PBANKA_144590",1161.39852743023,-5.19896122207234,0.552366370870192,-5.79137578023211,6.98121828065022e-09,1.6698428465509e-07
"PBANKA_144670",314.025574380865,-3.83482425098641,0.464384360984258,-3.95108966869065,7.7796167069836e-05,0.000872413385731656
"PBANKA_144930",479.348843421883,-4.39567349295298,0.722255601190763,-3.31693307605134,0.000910114141597911,0.00794525805470919
"PBANKA_144970",993.636340593754,-5.40091063535813,0.731004536139534,-4.65237966007501,3.28126232545097e-06,4.78093785306905e-05
"PBANKA_145000",227.211770968387,-3.94089304616507,0.493636424298251,-3.93182705049415,8.43027079886242e-05,0.000935069590466603
"PBANKA_145080",817.512173381033,-7.87105359416873,0.609311076361687,-9.63556026131334,5.65824860866732e-22,6.50384242851816e-20
"PBANKA_145110",1576.04823440714,-7.27944361114802,0.754645650734765,-6.99592398897107,2.63516383659658e-12,1.05867067532395e-10
"PBANKA_145120",2237.98960848569,-10.8508929524733,0.708081398223272,-12.4998241370019,7.48166098512735e-36,7.73977828911424e-33
"PBANKA_145340",1027.05498952534,-6.33434190041847,0.775134394237741,-5.59172955379024,2.24818809376231e-08,4.92222345607854e-07
"PBANKA_145390",82.1765084456238,-4.76460625279104,0.682641343897014,-4.0498664159552,5.12468781426556e-05,0.000604158352576378
"PBANKA_145670",3229.93783287587,-13.3603238697839,0.975596090070984,-11.6444950788572,2.44766986197796e-31,1.12538420987387e-28
"PBANKA_145680",584.877732758347,-4.26015472063962,0.512008349755912,-4.41429269994736,1.01340770187483e-05,0.000135273582914776
"PBANKA_145770",2454.39244750942,-10.3939416100197,0.842164418767946,-9.96710549977848,2.12326499461456e-23,2.83421630571453e-21
"PBANKA_145910",153.926023672667,-5.05891275323669,0.57178661586477,-5.34974528672796,8.8078108877788e-08,1.72733277031416e-06
"PBANKA_145950",5993.06523294669,-7.42328260175912,0.981596345888891,-5.52496209309748,3.29556756905761e-08,6.92236477195959e-07
"PBANKA_146000",660.175447420948,-8.36208652345478,0.787788347655082,-8.07588299876745,6.69900918159216e-16,4.26469230668129e-14
"PBANKA_146010",143.14503773803,-4.91926785148985,0.574040365090488,-5.08547487079532,3.66707385039382e-07,6.40267999701672e-06
"PBANKA_146060",235.323884867919,-4.91753592090937,0.593495555804271,-4.91585133599812,8.83974620063772e-07,1.42886210071246e-05
"PBANKA_146100",756.952088791306,-5.58052066091832,0.597660018608884,-5.99089875419868,2.08684532021569e-09,5.39710370940782e-08
"PBANKA_146130",2658.48273723507,-7.0998774556373,0.621782352598049,-8.20202991340624,2.36361461349285e-16,1.60338315912023e-14
