"","baseMean","log2FoldChange","lfcSE","stat","pvalue","padj"
"PBANKA_011210",1247.29360255429,-6.65467325310573,1.12122630698506,-4.15141280944612,3.30429147513431e-05,0.00941017743282296
"PBANKA_031360",113.893912395382,-6.63880522517431,1.01525031626942,-4.56912462950002,4.89765494260113e-06,0.00368973564870554
"PBANKA_050180",919.805615437553,-6.58224343744296,1.03534847547519,-4.42579821768693,9.60863111592684e-06,0.00530960306254118
"PBANKA_070130",86.1433875901271,-5.1583199216345,0.758692861670588,-4.16284386105874,3.14308302693275e-05,0.00941017743282296
"PBANKA_070770",2666.1818290016,-8.11550154370729,1.47570383194339,-4.14412527183971,3.41113246719054e-05,0.00941017743282296
"PBANKA_082550",783.96050660408,-6.29978319717765,1.00990732256111,-4.25760176317314,2.06631610334406e-05,0.00835497290187289
"PBANKA_083100",6270.8927209057,-8.70131573653686,1.5190514402613,-4.4115133687534,1.02650615032212e-05,0.00530960306254118
"PBANKA_091510",57.5691515399419,-6.14230006070611,0.910281182006115,-4.55057200191389,5.35002752349764e-06,0.00368973564870554
"PBANKA_122060",1043.24963491824,-5.28144066141078,0.783566450289888,-4.1878269037639,2.81638183708581e-05,0.00941017743282296
"PBANKA_122700",424.175683759881,-4.70680752638261,0.638182638666077,-4.24143084186739,2.22099327985988e-05,0.00835497290187289
"PBANKA_134350",334.341001672598,-6.59437578106431,0.853052276691687,-5.38580800567376,7.2119916172727e-08,0.000149216106561372
"PBANKA_135140",215.414911773006,-5.8153631945312,0.883806403514288,-4.31696713144432,1.58187702885172e-05,0.00727311905043158
"PBANKA_140640",229.026322507402,-6.30689855756918,0.928067535462716,-4.64071675066389,3.47202773653689e-06,0.00359181269344741
"PBANKA_144330",619.001367458539,-6.63960722926889,0.832243886703638,-5.57481683361534,2.47790442507806e-08,0.00010253568510973
"PBANKA_145300",740.326333502993,-5.64971572225343,0.720344225575384,-5.06662730493629,4.04925980708465e-07,0.000558527902723876
