"","baseMean","log2FoldChange","lfcSE","stat","pvalue","padj"
"PBANKA_010150",251.270364955803,4.07846121139078,0.557334686770716,3.72928737565879,0.000192022058736144,0.00311602854529476
"PBANKA_010270",97.4045750805531,5.5903998183925,0.534590835538275,6.7161641758736,1.86570580261393e-11,1.40368920203936e-09
"PBANKA_010320",269.429106519927,5.44600204051417,0.675223095441096,5.10350144090233,3.33425972800519e-07,1.05321883622027e-05
"PBANKA_010420",165.200542600176,6.02051404002329,0.671824625219604,5.98446959086842,2.17096142490843e-09,1.09554126539891e-07
"PBANKA_010450",894.531839124969,5.63411467594839,0.579474080519414,6.27140160038037,3.5781239645759e-10,2.08539112188945e-08
"PBANKA_010510",227.856952515446,6.99768243812276,0.731709024057277,6.83015006485905,8.48258523905006e-12,6.88253680768415e-10
"PBANKA_010720",344.091789576559,4.99981272845163,0.493987377945557,6.07265056230292,1.25816040090303e-09,6.50783467367091e-08
"PBANKA_010980",256.252932879601,5.59263557912652,0.831746198473285,4.31938923883391,1.56461610879481e-05,0.000337207367614216
"PBANKA_011080",251.077314641652,7.3436160280249,0.561992621391388,9.50833840984445,1.9373213354649e-21,1.14523366945054e-18
"PBANKA_020270",332.374869862692,5.17806265233183,0.548951848478641,5.78932862898537,7.06683152788255e-09,3.11090945344447e-07
"PBANKA_020360",325.49628290564,4.39119494555826,0.466907299301657,5.121348390001,3.0335858579854e-07,9.88423486641228e-06
"PBANKA_021390",60.1987452961376,6.41768931886266,0.570344942501919,7.74564476627719,9.50980354452105e-15,1.46590231700982e-12
"PBANKA_030100",709.527845887998,4.64398469939977,0.620797833826945,4.2590108330449,2.05333520281902e-05,0.000426969902978146
"PBANKA_030130",768.169101341298,4.52952557394495,0.495014089713592,5.11000722304389,3.22146495899714e-07,1.03336604653722e-05
"PBANKA_030140",100.858903655241,4.36039938977928,0.596033692829475,3.9601777855444,7.48939848010985e-05,0.00132440730387584
"PBANKA_030160",1344.07184422851,4.51028786216277,0.577966769995125,4.343308287748,1.40352959717566e-05,0.000305673972269098
"PBANKA_030220",198.5959176613,4.03115691879092,0.498869442535053,4.07152001226895,4.67073486529695e-05,0.000859000038782167
"PBANKA_030290",69.9789269275497,6.84603266424957,0.648370401420665,7.47417317883616,7.76907729653779e-14,1.00463880790854e-11
"PBANKA_030330",168.796994082748,3.28627676485803,0.312509509505977,4.11596039714569,3.85570511678851e-05,0.00072522308060322
"PBANKA_030760",199.078639914194,3.94588618154655,0.523497620084502,3.71708696828926,0.000201533083999516,0.0032323407038372
"PBANKA_031200",1650.0445322686,5.16650383771587,0.667589594441753,4.74318932481826,2.10379482266991e-06,5.64325177503018e-05
"PBANKA_031270",862.358019427344,5.2673935599429,0.644715659573235,5.06796059848419,4.02100610877696e-07,1.25104686301647e-05
"PBANKA_031360",113.893912395382,4.152394232959,0.605435428988077,3.55511773824751,0.00037780986835815,0.00574771042377215
"PBANKA_031480",118.560823454943,4.2695240547167,0.534236403394528,4.24816437123377,2.15529239907242e-05,0.00044151484887929
"PBANKA_040250",310.544463660534,4.61351611072795,0.592515957394758,4.41087886007215,1.02951905472727e-05,0.000236123347283396
"PBANKA_040270",2133.95634284353,5.9738850050102,0.826000627397212,4.8109951411686,1.50180668497022e-06,4.14298404160452e-05
"PBANKA_041130",403.368531779151,3.94668238986405,0.458021537999911,4.25019836046319,2.13581285457684e-05,0.000439701173743232
"PBANKA_041240",662.477168951887,-6.76504719232852,0.859264163178985,-5.54549741106328,2.93119673274447e-08,1.11277908991712e-06
"PBANKA_041580",135.170702189292,3.97540680332745,0.512236085965486,3.85643818827039,0.000115051173109685,0.00194319083399133
"PBANKA_041720",887.497286171245,7.96337124256391,0.736259949985257,8.09954587735394,5.516472092554e-16,1.42669759493678e-13
"PBANKA_050440",1266.087351845,7.39126468090047,0.753807960061136,7.15203999764505,8.5497646530802e-13,8.42355384153473e-11
"PBANKA_050540",408.647969451419,3.52339421046687,0.356772707395195,4.26992922633909,1.95535004833882e-05,0.000411138296395716
"PBANKA_050780",237.924494798499,5.07240936372794,0.443670872659971,6.92497423891658,4.36054864915673e-12,3.83913836387459e-10
"PBANKA_050790",92.9359019527651,4.8310488008419,0.679908030036115,4.16387022328817,3.12898006793303e-05,0.00060503362248163
"PBANKA_050860",244.016253567272,3.25007678164406,0.361403444642858,3.45895093191321,0.000542283686825668,0.00791324303045825
"PBANKA_051030",311.18422647282,4.19370784414843,0.545752582580127,4.01960139845303,5.82966878220345e-05,0.00104883345307643
"PBANKA_051060",104.96840859858,4.78935657023845,0.587149729313394,4.75067334783632,2.02740409014213e-06,5.51934087171588e-05
"PBANKA_051100",485.963224116406,-5.6422990660147,0.737906023200857,-4.93599313665348,7.97439116097475e-07,2.39116163942852e-05
"PBANKA_051370",1023.65652662485,-5.43235215650465,0.931611216713073,-3.68431819511012,0.00022931563206542,0.00363566316278432
"PBANKA_051490",21924.7440650626,9.70458064165588,0.740876649932442,10.399275834052,2.49824533160001e-25,3.44591306072027e-22
"PBANKA_051500",12484.3969776812,8.3903221564472,0.645447283734195,9.9006105029622,4.13741578647085e-23,3.42412530488327e-20
"PBANKA_051760",837.0287962452,5.80055786087609,0.716982373785681,5.30076888893247,1.15315990117431e-07,4.04387768733837e-06
"PBANKA_051850",231.26965891895,4.18807688115701,0.496869889252454,4.40372203767266,1.06409267227906e-05,0.000241934916367624
"PBANKA_052270",1458.85720644239,5.96701623509818,0.590608251775909,6.71683171234012,1.85718243166402e-11,1.40368920203936e-09
"PBANKA_060060",876.180689133035,8.07192175350464,0.59768261460823,10.1591072002064,3.01827579253697e-24,3.12240630737949e-21
"PBANKA_060070",78.9949205999556,5.05011889579934,0.64228897024526,4.74882652061523,2.04600348790114e-06,5.53357021760451e-05
"PBANKA_060090",130.742936672855,3.75212610187086,0.395395490491366,4.43132545516252,9.36556072741906e-06,0.000217722979157641
"PBANKA_060290",109.438721536833,5.56163721814702,0.485072811160453,7.34247959523111,2.09672497530551e-13,2.55183763171005e-11
"PBANKA_060440",83.0657738977926,3.6446150813779,0.397642771289857,4.13591092337266,3.53549326522145e-05,0.000674187609745915
"PBANKA_060580",412.408235428528,4.75260963918149,0.612636625799664,4.49305432170099,7.0208866315995e-06,0.000167933114922305
"PBANKA_060620",1033.05096048359,6.78844120382033,0.650514008996429,7.36101165785443,1.82521624102587e-13,2.28871054708032e-11
"PBANKA_060860",1820.57695284934,7.77157182909392,0.69925860479089,8.25384455700748,1.53378820735359e-16,4.32030908392252e-14
"PBANKA_061160",2195.78911188117,4.39825941006235,0.514020710129567,4.66568634843104,3.07588590466045e-06,7.80859869538953e-05
"PBANKA_061240",2835.75378047682,7.27153239801744,0.684251639818521,7.70408442048538,1.31784710564289e-14,1.91328001373007e-12
"PBANKA_061520",438.081455099409,5.06204914147273,0.55021033832068,5.56523374464126,2.61801240326719e-08,1.0124612453009e-06
"PBANKA_061530",902.1555302688,4.63938265530032,0.537293839713019,4.91236351548358,8.9985020022062e-07,2.65970009179495e-05
"PBANKA_061920",23538.3886180671,6.92713775087552,0.618675520576397,7.96400954459147,1.66552401771866e-15,3.62733599227358e-13
"PBANKA_062030",709.567732465581,5.47593244979171,0.721563049761279,4.81722622983769,1.45567614062537e-06,4.04267642275691e-05
"PBANKA_062200",433.264186338023,6.45929962624859,0.552880012319807,8.0655829960971,7.28871996875358e-16,1.77416019004131e-13
"PBANKA_070200",639.369027906935,4.51344207253666,0.640188818039276,3.92609492967191,8.63360933064681e-05,0.00149480650251952
"PBANKA_070350",666.10718320926,5.37169300563198,0.677319347500486,4.97799600450594,6.42459821520311e-07,1.94051003025624e-05
"PBANKA_070470",186.207980154648,3.99690624620396,0.572089973736146,3.49054578454288,0.000482035010873499,0.00714932213259692
"PBANKA_070480",1313.48392443155,8.79573638219986,0.752301159591643,9.03326586109299,1.66623237962737e-19,8.61858698362259e-17
"PBANKA_070490",721.147638629658,7.74757482289675,0.662853280434922,8.67096081824558,4.28489151296494e-18,1.97009789784988e-15
"PBANKA_070550",88.0930678883619,5.04479214748137,0.528612431025315,5.7599707626542,8.4128507121167e-09,3.58890476770504e-07
"PBANKA_070710",5473.03255883622,7.52491746471251,0.71336096602424,7.74491138126664,9.56485320426901e-15,1.46590231700982e-12
"PBANKA_070720",129.705941229662,4.42462141984501,0.511574283711046,4.7395295210236,2.14215025398269e-06,5.68219086601305e-05
"PBANKA_070810",182.604711122035,4.16178200302139,0.471284957844693,4.58699554704179,4.49670268368992e-06,0.000112092504247644
"PBANKA_070820",226.716237194845,3.62435680618413,0.368319464356216,4.41018453646845,1.03282566114777e-05,0.000236123347283396
"PBANKA_071400",1462.1147052889,4.74439184523927,0.656393066320065,4.18101894437299,2.90205681562462e-05,0.000563789253664539
"PBANKA_071490",128.293093559834,-5.62327710102985,0.628246103361843,-5.76728941356123,8.05566476656739e-09,3.50042870228077e-07
"PBANKA_071650",268.097496480087,4.90882354480383,0.400901760937698,7.25570159133293,3.99585158322174e-13,4.29114059184123e-11
"PBANKA_071980",302.302116164418,4.4942918985501,0.592744761931512,4.20803701482275,2.57598677908727e-05,0.000507592061517292
"PBANKA_072000",156.276577897666,4.50452384022768,0.38970888789514,6.42665311985796,1.30444021111067e-10,8.70608644125156e-09
"PBANKA_072090",1042.44155683331,4.82360860020227,0.722927216117858,3.90579927999549,9.39144443289466e-05,0.00161924154430492
"PBANKA_072110",351.272443294488,3.97373783028444,0.494913626708307,3.98804503204299,6.66200197845915e-05,0.00118824845633034
"PBANKA_080150",165.980007981524,4.53232605745254,0.592865133337551,4.2713357812033,1.94305584475445e-05,0.000411138296395716
"PBANKA_080430",168.883984326351,5.74286015669318,0.715008606501522,5.23470643941852,1.6524728711216e-07,5.55929491113918e-06
"PBANKA_080680",351.762383200995,5.54584784742076,0.550269161446308,6.44384256988158,1.16485915606608e-10,7.90194620951058e-09
"PBANKA_081180",84.1311398075128,4.93184945249713,0.656349309666394,4.46690414588433,7.93596658375082e-06,0.000188730055882534
"PBANKA_081330",248.326871379754,4.64149361269138,0.606203840806491,4.35743463647005,1.31595780121464e-05,0.000291199646065571
"PBANKA_081540",809.532574542712,4.68497461343477,0.72141616395819,3.72181099838841,0.000197799055190825,0.00318905449133845
"PBANKA_081550",305.048986535238,3.45057001261384,0.383695448299613,3.78052442123616,0.000156498366858397,0.0025800408050201
"PBANKA_081620",359.051125066197,4.72502794713798,0.391973421399687,6.95207327427268,3.59956340990164e-12,3.23804204134196e-10
"PBANKA_081680",254.476946650724,4.76030910438858,0.552356564706604,4.99733194237455,5.81289593319382e-07,1.78176024974489e-05
"PBANKA_081700",314.453201132984,4.43108478774913,0.584136591321068,4.16184300704575,3.15689363518434e-05,0.000607591900576409
"PBANKA_082090",167.304997518622,-6.02436201195125,0.64263181928432,-6.26231364707876,3.79307038050955e-10,2.17996183813174e-08
"PBANKA_082120",327.024192112353,5.1435334659609,0.578796507713041,5.43115486024913,5.59905190543704e-08,2.08728619681968e-06
"PBANKA_082140",714.351087014776,4.99996362092434,0.563604779715072,5.32281437080957,1.02173996026632e-07,3.64479306515691e-06
"PBANKA_082290",481.956579937984,4.76471251958024,0.517282793852622,5.34468293250042,9.05754607997739e-08,3.2877303227146e-06
"PBANKA_082380",213.527008314725,-5.24825250346794,0.669444105091079,-4.85216387561738,1.22121646189457e-06,3.48509911677223e-05
"PBANKA_082550",783.96050660408,4.26912478764667,0.639332803541303,3.54920750988821,0.000386392457662514,0.00585674721541202
"PBANKA_082570",471.739598747371,4.49382370196118,0.708631748022986,3.51920967261022,0.000432834484988316,0.00648938079304947
"PBANKA_082820",220.93199511783,3.49630627150351,0.400039113610764,3.74039992739164,0.000183727686357188,0.00299316994545687
"PBANKA_082890",229.609707828652,3.95232434998719,0.562359848135876,3.47166384025958,0.000517243592874221,0.00764412138326259
"PBANKA_083040",2388.86914239756,6.4744210468777,0.537816624674297,8.31960345143183,8.82580937986967e-17,2.8093230164539e-14
"PBANKA_083270",125.53284575686,4.66121385761755,0.563803364037278,4.72010993081197,2.35717218569039e-06,6.134577675715e-05
"PBANKA_090130.2",47.4123666879863,4.66523631132408,0.702272748352964,3.7951583876419,0.000147549230200201,0.00244223485827373
"PBANKA_090210",1808.04254248146,-4.91494292591507,0.488525393320817,-5.9668196694963,2.4192252286876e-09,1.19175642813206e-07
"PBANKA_090250",174.606837722717,4.39996132592634,0.581321658526861,4.12845675147926,3.65206112103458e-05,0.000693221510038583
"PBANKA_090270",31.2119579014289,4.15650952265378,0.575941294906905,3.74432175939452,0.000180881731003476,0.00295845297585922
"PBANKA_090300",896.905206574922,4.72075798252843,0.561619795661833,4.84448376560908,1.26941296427793e-06,3.59782934670005e-05
"PBANKA_090380",1324.65845178038,4.89942064245474,0.730694946664705,3.96803160565062,7.24687247041974e-05,0.00128701966878098
"PBANKA_090460",254.663294853853,3.8457186382373,0.495964455431459,3.72147362179742,0.000198063558306907,0.00318905449133845
"PBANKA_090480",89.3585114009354,3.80148144859942,0.409414618077764,4.4001395383915,1.08181290872226e-05,0.000244619771382116
"PBANKA_090590",1469.51444732242,4.50906081597461,0.723153463240142,3.46961045409723,0.000521213707550869,0.00764816426186346
"PBANKA_090710",819.798652438516,6.04109958195641,0.641926782492983,6.29526558506005,3.06873985920993e-10,1.84035442571169e-08
"PBANKA_090750",125.507937189103,4.54819345735595,0.583413678541304,4.36773005344533,1.25544528439015e-05,0.000279302827247657
"PBANKA_090790",1401.11630569664,5.90905395885911,0.818781924683792,4.77423089227178,1.80395323458511e-06,4.94354866537297e-05
"PBANKA_091110",83.0862851287855,4.1893566783685,0.517061557237393,4.23422829975218,2.29337871227066e-05,0.000465196132910588
"PBANKA_091250",388.523426151544,4.7036542167595,0.738020519738764,3.66338623987921,0.000248902786249357,0.00391619669011346
"PBANKA_091360",76.5520117568336,4.65484368747243,0.549951789918694,4.82741166796625,1.38319006773062e-06,3.88138100947857e-05
"PBANKA_091670",2024.03235501572,7.164559972083,0.660212961295724,7.8225667698906,5.17569857361112e-15,8.92376695733451e-13
"PBANKA_092380",201.938730097775,-6.78618444707603,0.569206030298489,-8.40852730349005,4.15190768238631e-17,1.43171616580955e-14
"PBANKA_092410",276.274470998883,4.12581807270677,0.40666375778543,5.22745888220614,1.71855600626378e-07,5.73498770477379e-06
"PBANKA_092510",225.997561583841,4.44741705930511,0.443294705679056,5.52097064988867,3.37132095009688e-08,1.2682296446819e-06
"PBANKA_092740",72.3213029871508,3.86470877050409,0.323401195615278,5.76593035457534,8.12085924163737e-09,3.50042870228077e-07
"PBANKA_092760",1241.57739202449,6.9021734516982,0.711597197255282,6.8889723998443,5.61968399264329e-12,4.74576578807305e-10
"PBANKA_092770",443.568937948636,5.78259637693738,0.547109645653483,6.91378118991001,4.71902885481119e-12,4.06819612525181e-10
"PBANKA_093250",1439.84039431307,4.95544089354159,0.749365599729596,3.94392389323454,8.01591068587179e-05,0.00139369068983771
"PBANKA_093260",668.643401778063,4.20873485533622,0.559312695769149,3.94901612647794,7.84730655006052e-05,0.00137240027626203
"PBANKA_093360",82.0695732139292,5.63170679967877,0.594165288092161,6.11228369018329,9.82153855910674e-10,5.27812033215372e-08
"PBANKA_093470",234.517629978489,3.9412705081305,0.463233645972467,4.19069410222824,2.78102388187152e-05,0.000542824378452092
"PBANKA_093680",141.793931779847,3.89568972853589,0.449614125916357,4.21625927493334,2.48388167142862e-05,0.000496536345718436
"PBANKA_093880",473.595714819678,3.86498572195973,0.502218270224098,3.71349636708267,0.000204415400673877,0.00326591091887452
"PBANKA_093900",839.703481965118,4.60432609737791,0.609489822392936,4.2729607643865,1.92894409106781e-05,0.000411138296395716
"PBANKA_093930",174.072378047847,4.17079629840459,0.468175844210258,4.63671145201094,3.5399603890899e-06,8.87779156972969e-05
"PBANKA_094230",88.9521731157974,4.64314803505242,0.623493725821231,4.23925362131112,2.24264176398792e-05,0.000457145399969556
"PBANKA_094240",110.113143968176,5.25674752496262,0.567579542601061,5.73795790813362,9.58249225597814e-09,4.00528817729672e-07
"PBANKA_094340",1284.69691300326,6.34387008066676,0.597988858796971,7.26413212681876,3.75440895847941e-13,4.19884980275346e-11
"PBANKA_100230",1521.42266022642,-4.20641939822507,0.644929925809933,-3.42117695260325,0.00062350749727463,0.00902123784518328
"PBANKA_100300",2891.70633159658,-8.40353007400541,0.83178542458332,-7.69853604637667,1.37633910708149e-14,1.91328001373007e-12
"PBANKA_100580",133.333679605911,3.97871700087274,0.454865124886138,4.35011807372142,1.36064247319735e-05,0.000297901510798447
"PBANKA_100790",504.145221320337,5.3900503513199,0.56731066111303,5.97565070374109,2.29173567836767e-09,1.14255448639583e-07
"PBANKA_100960",547.754355978481,5.95227020986138,0.604537753556972,6.53767310082301,6.24833084603621e-11,4.30926550681631e-09
"PBANKA_100990",896.475035402481,4.65601226654392,0.632830820473627,4.1970336788529,2.70433730286727e-05,0.00053035771370923
"PBANKA_101140",569.055827877305,3.82487224847684,0.461324908132709,3.95572017965238,7.63044334156201e-05,0.00134360742754824
"PBANKA_101170",139.482639118052,3.58808709213587,0.371943162430022,4.26970368741394,1.95732828395254e-05,0.000411138296395716
"PBANKA_101360",63.3792995627442,3.59607306280096,0.448275016198426,3.56047739697024,0.000370181176253914,0.00565243434442324
"PBANKA_101390",154.243574921169,5.49775867150352,0.595432586404077,5.8743151640845,4.24594919636557e-09,1.97412783983829e-07
"PBANKA_101830",107.520789670057,4.51187932159032,0.555859866648123,4.51890750223999,6.2159541715519e-06,0.000150418820829718
"PBANKA_101900",180.120932342882,5.29499670173019,0.726979095834842,4.5324504110346,5.8303365942543e-06,0.000141917251923672
"PBANKA_102030",373.657095374557,4.43841939680163,0.594374093403692,4.10249945928495,4.08710810811278e-05,0.000765269382414962
"PBANKA_102450",118.590873699169,-3.79880728321758,0.492582536253397,-3.65178858531888,0.00026042023698,0.0040511990248994
"PBANKA_102460",1824.63503085462,-8.05503310001187,0.786619227031249,-7.69754017183632,1.38710489153944e-14,1.91328001373007e-12
"PBANKA_102960",273.486832538169,5.06614990757634,0.818132696157152,3.74774156072522,0.000178433964109754,0.00292999898208794
"PBANKA_103010",283.1889001608,4.18899681521746,0.554370046834179,3.94862029021605,7.86029157743117e-05,0.00137240027626203
"PBANKA_103040",167.81394638682,5.33252806767464,0.59187930254334,5.63041831899607,1.7977306362242e-08,7.01793337046769e-07
"PBANKA_103370",114.99009513991,5.8057509722756,0.461227395927687,8.2513549842826,1.56608594148956e-16,4.32030908392252e-14
"PBANKA_103410",372.302167812041,3.89003148816615,0.358159122504403,5.27707203142066,1.31264299518888e-07,4.56446782696771e-06
"PBANKA_103570",182.866423720249,4.44927902909294,0.499511857491477,4.90334512056049,9.42182348740672e-07,2.74559898527387e-05
"PBANKA_103850",123.17548082187,3.69910215948494,0.472643413948366,3.59489227891909,0.000324525825071597,0.00501077561248608
"PBANKA_103880",159.01764580215,6.19605773188055,0.527901642892495,7.94855971443729,1.88692380465868e-15,3.90404535183881e-13
"PBANKA_103900",181.227329726008,3.7284988300085,0.505715139854535,3.41792976675701,0.000630993872728001,0.00909774440887967
"PBANKA_104000",201.938445270447,3.25453332136536,0.34767380283534,3.60836310108621,0.000308135037257941,0.00477551604559311
"PBANKA_104010",517.980673120148,5.12792710803211,0.659590565137039,4.74222536427918,2.11383283018289e-06,5.64325177503018e-05
"PBANKA_110230",183.092652101117,4.08522873927484,0.418076400238827,4.98767387511864,6.11106127994455e-07,1.85938026297136e-05
"PBANKA_110600",367.39523864442,4.09055029860898,0.496448153951538,4.21101434655159,2.54226598891556e-05,0.000505764262602528
"PBANKA_110650",801.811647188742,4.34801903671839,0.64168102489994,3.65916856756756,0.000253034864126021,0.00396080119609967
"PBANKA_110870",985.621465423918,4.18224459261471,0.42140772782307,5.17846363161839,2.23720675663313e-07,7.34727107853008e-06
"PBANKA_110960",273.302216373621,4.83280476161248,0.562727429987025,5.03406198215323,4.80194295899626e-07,1.48286865405422e-05
"PBANKA_111020",419.333166235184,5.7846933843328,0.645287687956678,5.86512567180251,4.48792651257168e-09,2.06344887878018e-07
"PBANKA_111030",228.08313099443,4.62746840425482,0.504080648744147,5.21239688688869,1.86416188893758e-07,6.17112151713897e-06
"PBANKA_111370",502.391965024664,4.06123573064937,0.510831288750793,4.03506162609968,5.45879681892957e-05,0.000990723738453096
"PBANKA_111500",1171.35061094414,7.1241909555195,0.658246636353444,7.78460636564207,6.9930589695683e-15,1.15749112064295e-12
"PBANKA_111520",752.632720704041,4.58827116865322,0.567955830572651,4.55716981731406,5.18475042191324e-06,0.000128470043388485
"PBANKA_111980",72.4965005254536,4.42160442912003,0.593722888918066,4.07867790566891,4.52925358892264e-05,0.000840450733226991
"PBANKA_112040",1708.74774643283,6.24333521270294,0.715540104026619,5.93025490650219,3.02464751911662e-09,1.45534784117495e-07
"PBANKA_112320",355.948545961233,4.63963530758296,0.564706179252353,4.67435173292725,2.9488357807352e-06,7.53227312387794e-05
"PBANKA_112400",276.277895108382,4.45517989795018,0.561457744197298,4.37286674433584,1.22625578485439e-05,0.000274283591228512
"PBANKA_112510",371.475577229606,-6.1290212912133,0.669631806529898,-6.16610688284107,6.99917839517892e-10,3.91386489179059e-08
"PBANKA_112530",196.833658073938,4.00665823044068,0.519869128802862,3.85992958470441,0.000113419703338693,0.00192348660826029
"PBANKA_112580",49.4876641428754,5.61603190176496,0.493480984099091,7.32760130234088,2.3430854812172e-13,2.77019649179337e-11
"PBANKA_112630",114.946989032939,3.77095540725061,0.378219001318889,4.68235440597935,2.83598608167598e-06,7.28901267451876e-05
"PBANKA_112760",58.0676567666244,-3.41479173466176,0.411984981405973,-3.43408570339997,0.000594556179221384,0.00863253848988802
"PBANKA_112880",667.015210143322,4.23364741305695,0.50106010812337,4.45784323446277,8.27884096333005e-06,0.000194114827119763
"PBANKA_112900",1328.35633916723,4.33976308497126,0.664608968596052,3.52051085003242,0.000430716370789153,0.0064811066993655
"PBANKA_113230",582.554458827775,5.5075594042102,0.715995355391125,4.89885776185536,9.63953921533886e-07,2.78939952958547e-05
"PBANKA_113280",87.8209394521597,6.08895880882286,0.647375729607105,6.31620652708816,2.68061763332986e-10,1.65558145771925e-08
"PBANKA_113360",34.34558895587,5.15201811003343,0.500679452119193,6.29548126389466,3.06447575758099e-10,1.84035442571169e-08
"PBANKA_113490",2571.84669837315,6.43661469002536,0.764185061852484,5.80568099469313,6.41049126282483e-09,2.88332748321404e-07
"PBANKA_113750",64.4140411786971,4.0586739002917,0.557231081495067,3.69447069386046,0.000220345303876001,0.00350688025938035
"PBANKA_113860",451.838953652304,6.36785231710174,0.657637383018983,6.64173362081465,3.10014878882247e-11,2.2907885157406e-09
"PBANKA_114070",114.602075074488,-3.71136136216131,0.484228538476447,-3.53420177907287,0.00040900870406714,0.00617692707091176
"PBANKA_114310",80.9570045858441,4.83695418670147,0.494389446557945,5.73829843345768,9.56324917813837e-09,4.00528817729672e-07
"PBANKA_114380",1340.42228333911,4.23403530379963,0.492118455992349,4.53962918195119,5.635324630652e-06,0.00013798209066058
"PBANKA_114520",257.935527238495,5.59529451861676,0.731654167885798,4.91392610938826,8.92704057115884e-07,2.65756071103995e-05
"PBANKA_120230",77.9515371063648,3.81726865028295,0.389841866994664,4.6615533223573,3.13831733457971e-06,7.91851044542125e-05
"PBANKA_120350",47.5220570321573,5.45065937105669,0.594712473281517,5.80223137412364,6.54381779396769e-09,2.91164710015466e-07
"PBANKA_120420",2298.20464743593,6.31531528822219,0.672070495012108,6.42092655495083,1.35447369782032e-10,8.70919827528485e-09
"PBANKA_120450",260.767905128576,5.742804817341,0.570522920740353,6.5603057848825,5.36975500103078e-11,3.76610952445176e-09
"PBANKA_120530",258.463733396041,4.62296621111341,0.395503053371048,6.63197461753255,3.31225549123749e-11,2.4045812671475e-09
"PBANKA_120600",575.339599088521,3.57177358749805,0.408664556099752,3.84612162723109,0.000120002211224625,0.00201857378068089
"PBANKA_120690",1847.87007679624,4.3290848684079,0.562416470067052,4.14121028164454,3.45478049661431e-05,0.000661846374768056
"PBANKA_120890",284.288408020003,6.37788309303559,0.638912423175882,6.8520863489775,7.27805997588698e-12,6.02332243604406e-10
"PBANKA_120940",1016.27628401707,6.87535304267553,0.570076550546095,8.55210241151872,1.20866462059269e-17,5.00145420001256e-15
"PBANKA_121320",200.97791924184,3.58535772281063,0.414208736562942,3.82743670731273,0.000129484664803841,0.00216926130752345
"PBANKA_121440",366.885732838056,4.30790681159993,0.575219885205503,4.01221666871862,6.01512523921397e-05,0.0010775146424185
"PBANKA_121760",4948.04001284769,-4.39375728789909,0.689817656635837,-3.47013049734501,0.000520205554303166,0.00764816426186346
"PBANKA_121830",453.320962499952,5.67504535496401,0.585642145574396,6.27524057606806,3.49094091079301e-10,2.06364478412307e-08
"PBANKA_122550",722.338798569124,6.42260839177141,0.752052897034456,5.88071452049574,4.08499194884831e-09,1.92087462321981e-07
"PBANKA_122740",268.003465531535,3.76572894327387,0.347959400709608,5.07452576269803,3.88463600915487e-07,1.2177745307487e-05
"PBANKA_123130",1029.67717460429,4.88571243608644,0.66540525600062,4.33677433423181,1.44588935264847e-05,0.000313250792736092
"PBANKA_123320",692.598966873294,4.06475071750252,0.484152368972278,4.26467130974784,2.00196694247111e-05,0.000418390869088155
"PBANKA_123360",662.751843685974,6.5792974957495,0.713303190139862,6.41984721090566,1.36411186686516e-10,8.70919827528485e-09
"PBANKA_123650",154.228965654236,4.67714864006574,0.634873897322038,4.21681951543168,2.47772126366908e-05,0.000496536345718436
"PBANKA_123900",1315.61578744812,4.71359231779213,0.576461091809804,4.70732952552406,2.5098301568148e-06,6.49104824306229e-05
"PBANKA_124350",420.273500968973,4.54015048051552,0.564355242019678,4.50097791494768,6.76415345984349e-06,0.000162732947772281
"PBANKA_130050",70.8859462903064,5.8482190494918,0.676412070204366,5.68916377900992,1.27662983063416e-08,5.12882935841179e-07
"PBANKA_130120",36.7845189929281,-3.74024766743108,0.456481752918238,-3.81230499643385,0.000137676840586575,0.00229409683676817
"PBANKA_130440",140.134459635776,4.29836780176727,0.394956717086804,5.81929032305111,5.90980074674873e-09,2.68733576813695e-07
"PBANKA_130450",322.229362182109,3.91360233840528,0.374737511101893,5.10651397768655,3.28156347101299e-07,1.04454689561937e-05
"PBANKA_130810",96.8847083376432,5.87852018316518,0.54167354345317,7.16025404977249,8.05276851455794e-13,8.12740393005872e-11
"PBANKA_130860",2555.2796872747,3.84320962893279,0.474984768593843,3.88056575874943,0.000104213762828377,0.00177463601063301
"PBANKA_131320",395.247934773071,5.66559217675838,0.505623900642152,7.24964182291029,4.17875202048575e-13,4.32291896519251e-11
"PBANKA_131530",1125.63552647924,6.50173656885387,0.786613219687104,5.72293530821228,1.04699140593193e-08,4.33245043774632e-07
"PBANKA_131650",119.867139272313,4.22657443771117,0.511335425622093,4.35443023530456,1.33413459017233e-05,0.000293651539049632
"PBANKA_131720",1100.94442316348,5.43228777989049,0.69903532899825,4.9100347829474,9.10602396421812e-07,2.67239199744217e-05
"PBANKA_131850",323.785320322574,7.48322576568493,0.781250669286163,7.01852296740432,2.24225902425907e-12,2.06188174275201e-10
"PBANKA_131860",3313.08738299683,6.61830252600316,0.809697318647165,5.70373943403862,1.17207203497832e-08,4.75493537327479e-07
"PBANKA_131950",1891.17633020289,5.71919913434681,0.833400693569675,4.4626782327436,8.09415526056328e-06,0.000191392082675491
"PBANKA_132080",1387.28804357798,6.67514903693972,0.588828861072986,7.93974165671923,2.02602794146087e-15,3.99223981988814e-13
"PBANKA_132150",102.241137932351,5.03040883710464,0.42400834247158,7.14705003076152,8.86625703408798e-13,8.53222595512932e-11
"PBANKA_132620",79.4551196770237,3.90658370140705,0.500199689469726,3.81164511203169,0.000138044976402918,0.00229409683676817
"PBANKA_132820",93.6485189230239,3.77451688690757,0.417322625571908,4.25214636871349,2.11731395930101e-05,0.000438072258179378
"PBANKA_132910",712.984960103967,5.92707097986236,0.746390380081601,5.26141692693443,1.42949473329263e-07,4.84856492324991e-06
"PBANKA_132990",460.108689561261,4.34273992475326,0.554273293362589,4.22668736308879,2.37156809094099e-05,0.000478709695625065
"PBANKA_133000",77.0805242855316,4.18522166216547,0.534162927746388,4.09092722212085,4.2965195547795e-05,0.000800855762057547
"PBANKA_133160",59.7233759765692,4.77973928170514,0.521845858963619,5.32674396846931,9.99889492295044e-08,3.59786323401469e-06
"PBANKA_133310",146.79135542178,5.34792627092259,0.440208742381467,7.60531527113884,2.84210195269761e-14,3.79374770331055e-12
"PBANKA_133370",879.109367923652,5.64011060715297,0.638150337579883,5.70415839778084,1.16919315273912e-08,4.75493537327479e-07
"PBANKA_133440",197.514274586846,3.41557642563955,0.402481854833794,3.5171186194819,0.000436258775663498,0.00651710763066987
"PBANKA_133470",452.381717913149,5.17214846730908,0.71851996817495,4.41483689780589,1.01086175974254e-05,0.000233684131944951
"PBANKA_133570",135.763289262845,5.33228805816608,0.545888088566902,6.10434286432994,1.03224486940852e-09,5.47619137129801e-08
"PBANKA_134040",279.722595154208,6.33784237791458,0.597987453044227,7.25406922140514,4.04433260226699e-13,4.29114059184123e-11
"PBANKA_134140",88.9673721718326,4.09520411109997,0.517461646227109,4.04900368244954,5.14361355701371e-05,0.000941781986677998
"PBANKA_134320",1055.89133283835,4.49499366018692,0.473794667276986,5.26598088266013,1.39442795734948e-07,4.76871313017531e-06
"PBANKA_134420",121.419486384797,5.27473507576401,0.524490608201433,6.24364864605226,4.27479668397619e-10,2.42316557236897e-08
"PBANKA_135020",102.7790848804,4.04246619391075,0.417060906059512,4.89728517882062,9.71697694425977e-07,2.79228129134354e-05
"PBANKA_135210",696.405976213357,5.73218686422434,0.440037752686916,8.4815151459965,2.2228012309229e-17,8.3617740850536e-15
"PBANKA_135480",101.034614784301,4.3556991167057,0.397118622378947,5.93197846677106,2.99305885850523e-09,1.45534784117495e-07
"PBANKA_135490",1560.89669549875,6.48459741822459,0.615642308863394,7.28442043969348,3.23056055599319e-13,3.71334988352773e-11
"PBANKA_135640",378.032962686866,4.03174681255063,0.43022133248796,4.72256175862104,2.32892334978505e-06,6.09942077304465e-05
"PBANKA_135960",218.870220844239,4.90001116159443,0.545840558564556,5.31292722039719,1.07878131272591e-07,3.81538211287162e-06
"PBANKA_136040",397.82088197782,4.43951805933465,0.598384533407627,4.07684009719018,4.5651864020385e-05,0.000843336666590862
"PBANKA_136130",208.886152748816,3.22197323929378,0.353320118609273,3.458544178304,0.000543103194937202,0.00791324303045825
"PBANKA_136150",179.263134594502,4.46056895821244,0.509784042554099,4.82668885805957,1.38821747076566e-06,3.88138100947857e-05
"PBANKA_136160",282.52300015344,4.46446933637276,0.632969002522664,3.8935071489295,9.88052892747085e-05,0.00169623897425308
"PBANKA_136360",528.543772116993,6.83836017300599,0.788133270174204,6.13901272298345,8.30359174706484e-10,4.52108719070451e-08
"PBANKA_140080",7651.18045315977,-6.91456271962261,0.870890388832965,-5.64314726932325,1.66969406283359e-08,6.58018479238611e-07
"PBANKA_140960",397.167989193735,6.20556499349773,0.435352685499989,9.66013334376879,4.45283990049816e-22,3.0709752513769e-19
"PBANKA_141050",84.821470471498,-4.0670784894605,0.590737157805238,-3.49915095427603,0.000466742256940606,0.00694740812669147
"PBANKA_141330",63.2035445537389,3.49887750533004,0.409692341468821,3.65854411619289,0.000253652082398843,0.00396080119609967
"PBANKA_141360",58.9331795808913,4.17272648144102,0.538986947086197,4.03113005460882,5.55093156456215e-05,0.00100304606175363
"PBANKA_141450",657.786409304243,5.90998567860237,0.615576776713738,6.35174331864152,2.12888343451261e-10,1.33474540182018e-08
"PBANKA_141520",346.941352661825,4.03261312459346,0.569811766864887,3.56716593582637,0.000360862983074966,0.00555111904819409
"PBANKA_141670",106.052026642687,-4.67521935239892,0.507493376163284,-5.27143698430889,1.35359762979203e-07,4.66765582673286e-06
"PBANKA_141690",407.819394014232,3.9523327296741,0.474197768894039,4.11712761582046,3.83623673979435e-05,0.000724856056131006
"PBANKA_141790",902.87685738314,3.72107981311845,0.408953186284877,4.2085008036092,2.57070615323171e-05,0.000507592061517292
"PBANKA_141930",877.954974608129,7.00075373659247,0.737386575502244,6.78172603452455,1.18748503345851e-11,9.27134541217232e-10
"PBANKA_142010",115.56407104395,3.6764670563646,0.470661758441006,3.56193598969594,0.000368130149568433,0.00564193540338584
"PBANKA_142070",186.962019945793,5.22253841710429,0.5285516905434,6.09692197520213,1.08130263555211e-09,5.66383583027168e-08
"PBANKA_142150",831.17539261067,5.72282780275603,0.72750322457901,5.11726639412539,3.09995643001527e-07,1.00215778964088e-05
"PBANKA_142170",397.20332719314,7.97615732005722,0.902632737264695,6.62080719359587,3.57242682083047e-11,2.54874175596491e-09
"PBANKA_142370",469.676182477657,4.99659055735837,0.559702129948091,5.35390236523898,8.60773180359007e-08,3.15210568170405e-06
"PBANKA_142450",267.940410059551,3.98427674851616,0.541130894725809,3.6669071528832,0.000245501884803323,0.00387743053174103
"PBANKA_142720",353.702548656188,5.1341154292985,0.442544102567225,7.08204088839351,1.42046728369109e-12,1.33588491361676e-10
"PBANKA_142940",164.348321981645,4.43883771181506,0.516122645267649,4.72530654133638,2.29768486300992e-06,6.05593628225164e-05
"PBANKA_143030",450.540985184541,5.38555546900965,0.625986779785865,5.40834979001916,6.36081027442972e-08,2.35009222460627e-06
"PBANKA_143140",182.597548819773,5.29742680323679,0.725689106919412,4.54385600086315,5.52343973641239e-06,0.000136047581126634
"PBANKA_143150",197.605281499121,8.46895592441078,0.568324848854657,11.3824970656266,5.11148556277446e-30,1.05756636293804e-26
"PBANKA_143220",961.489753867171,9.07498390652684,0.569682327070951,12.4191739331343,2.05674173832742e-35,8.51079731319885e-32
"PBANKA_143240",289.84703179767,5.15390582696558,0.52263995998413,6.03456694559166,1.5938954379614e-09,8.14264113862254e-08
"PBANKA_143660",1528.08282967812,6.87269890187935,0.858594603355729,5.67520327152641,1.3852406567507e-08,5.51165945926383e-07
"PBANKA_143770",851.794448750999,5.9718885487168,0.671260118360816,5.91706320705594,3.27740770105512e-09,1.55884058240989e-07
"PBANKA_143910",1209.54778869879,4.50759036559409,0.5707234119164,4.39370509994323,1.11434956598521e-05,0.000250607527393849
"PBANKA_144480",871.175180846927,7.4089515230948,0.796658281591424,6.78955036065118,1.12483562057832e-11,8.95109576529442e-10
"PBANKA_144500",735.079046685539,4.49472688518231,0.640899453303805,3.8925401985009,9.92000560099673e-05,0.00169623897425308
"PBANKA_144790",419.655311089809,4.85888625471212,0.514013502062242,5.56188941193599,2.66869394702766e-08,1.02250514377782e-06
"PBANKA_144900",471.071456135261,6.6002882823899,0.572796700478641,8.0312758061382,9.64642205656782e-16,2.21760524833765e-13
"PBANKA_145110",1576.04823440714,7.32646212440914,0.67766735115642,7.85999519575451,3.84148193511873e-15,7.17050950303653e-13
"PBANKA_145390",82.1765084456238,4.61018613221391,0.611248206514346,4.27025569056235,1.95248995438811e-05,0.000411138296395716
"PBANKA_145580",141.01982324544,5.19187382690608,0.518199364686523,6.15954793544943,7.29528962419046e-10,4.02505446198669e-08
"PBANKA_145830",602.175281059485,3.43607478836535,0.355650180602165,4.03788572786292,5.39351133743606e-05,0.000983187220894732
"PBANKA_146130",2658.48273723507,6.36181717310781,0.555264776654852,7.85538243463816,3.98554177307492e-15,7.17050950303653e-13
"PBANKA_146260",220.106699678818,-5.44772470509753,0.773515421249792,-4.45721521560222,8.30312334465879e-06,0.000194114827119763
"PBANKA_146330",1295.61609907133,6.96141271875688,0.772876908364678,6.4194086601121,1.36804709495775e-10,8.70919827528485e-09
