"","baseMean","log2FoldChange","lfcSE","stat","pvalue","padj"
"PBANKA_010300",128.74510505325,-3.27704432057477,0.392054141005861,-3.25731624029875,0.00112471053872433,0.00799665328048328
"PBANKA_010320",269.429106519927,-4.14968561414386,0.523090387884481,-4.10958729874156,3.96366853403503e-05,0.000377049664226137
"PBANKA_010420",165.200542600176,-5.17447033401903,0.511843815805224,-6.2020292831418,5.57397028064557e-10,1.15325445106557e-08
"PBANKA_010450",894.531839124969,-6.79721798469629,0.448023821222132,-10.70750651519,9.38557153299767e-27,1.14227926481013e-24
"PBANKA_010480",502.770310339127,4.02484827406244,0.558579264043018,3.62499721061342,0.000288964570655651,0.00231283441658237
"PBANKA_010500",317.788076031697,-3.94514902104189,0.338411581056717,-5.74787959374205,9.03695527651689e-09,1.57540471545759e-07
"PBANKA_010510",227.856952515446,-4.79088822982598,0.562494264880248,-4.96162966287335,6.99041813483169e-07,9.12503162206105e-06
"PBANKA_010550",361.182761661558,-3.55488242971317,0.368723575899861,-4.2169324972468,2.47648067736539e-05,0.000251168554973971
"PBANKA_010640",422.437688037777,-3.58257131267525,0.345770943634555,-4.57693551702212,4.71836820768901e-06,5.30559990310247e-05
"PBANKA_010650",391.707091789981,-3.21234530504002,0.324713969940142,-3.733579141247,0.00018877783867303,0.00156545630546894
"PBANKA_010700",733.774726638808,-6.5205335601029,0.459561205288036,-9.83663004641481,7.82893653493031e-23,5.78502488956101e-21
"PBANKA_010720",344.091789576559,-5.06284821768038,0.382049806122812,-8.01688201013197,1.08463219023225e-15,4.04343063349646e-14
"PBANKA_010760",1645.15283507671,4.73983657427478,0.315653730434225,8.6798802298511,3.96185808067059e-18,1.74406050402286e-16
"PBANKA_010960",370.546512506797,-3.40446318871199,0.390481920440445,-3.59674319140776,0.000322226324879316,0.00254946946912163
"PBANKA_011080",251.077314641652,-4.59286039645692,0.425937501957191,-6.08741983164826,1.14744798593905e-09,2.23968856878104e-08
"PBANKA_011090",374.602695258781,-4.04192326617636,0.332644145328199,-6.13846146055485,8.33245211189376e-10,1.67377120577749e-08
"PBANKA_011110",378.049787271073,-3.21603546670306,0.354824873742507,-3.42714267429157,0.000609968493996536,0.00458085231970538
"PBANKA_011140",297.030340361456,-3.58628021861181,0.291030900302718,-5.45055599581293,5.02125892426034e-08,7.75297366738406e-07
"PBANKA_011210",1247.29360255429,4.95873327736951,0.556006952058703,5.32139619192591,1.02973865081947e-07,1.50567439473179e-06
"PBANKA_020170",1363.77474722244,-8.91066182700789,0.561645043827533,-12.304322637502,8.585364748178e-35,2.36841595519737e-32
"PBANKA_020190",134.469527276994,-3.65163446489,0.318258891933305,-5.1895940907006,2.10752989835726e-07,2.9167086018068e-06
"PBANKA_020320",511.691600407708,3.59110671708923,0.397095235309499,4.0068642874778,6.15301937231573e-05,0.000562057266283498
"PBANKA_020340",517.83785534736,-6.08574470444026,0.408943973329641,-9.99096446188933,1.66949375621459e-23,1.3816730326432e-21
"PBANKA_020360",325.49628290564,-4.4418784636526,0.361084495141989,-6.76262342057192,1.35515148349306e-11,3.29859814040839e-10
"PBANKA_020410",966.877410422951,-6.74790188544505,0.401988871994202,-11.8110281558081,3.42349032315935e-32,7.87022386512967e-30
"PBANKA_020460",3156.71545883248,-4.54510690032686,0.785492998152817,-3.24013951277986,0.00119471229865509,0.00840768621060334
"PBANKA_020730",513.429077011055,-3.33649704197693,0.397435693798176,-3.36280073187291,0.000771560359748976,0.00567090012192054
"PBANKA_020910",1416.887871892,-4.53570192199188,0.491449274862768,-5.15964119125,2.47423571066449e-07,3.37900573291408e-06
"PBANKA_020930",647.999149162305,-4.42443841600814,0.445463481017586,-5.44250767867642,5.25356951890895e-08,8.08151325994247e-07
"PBANKA_020970",991.78904499717,-4.15760672091562,0.465821250560354,-4.6318340314448,3.62440654196195e-06,4.13736624833135e-05
"PBANKA_021050",765.362230173222,3.7450539519636,0.26356274713963,6.62101898277419,3.56731152236509e-11,8.33985032742753e-10
"PBANKA_021150",523.221101780166,-3.49583562903209,0.422097378929638,-3.54381643597327,0.000394379727203915,0.00307333956905801
"PBANKA_021200",485.271078761431,3.87137818758515,0.382891889260953,4.88748453564067,1.02132514966714e-06,1.30859333828527e-05
"PBANKA_030160",1344.07184422851,-4.29093819987631,0.450390324425105,-5.08656175685069,3.64613029132985e-07,4.88274664903654e-06
"PBANKA_030220",198.5959176613,-4.07327462845433,0.383954637215654,-5.39979056768064,6.67187392990777e-08,1.00759906284519e-06
"PBANKA_030350",208.065243157498,-4.09036019835495,0.408248477139476,-5.1203135232781,3.05028109097385e-07,4.11142122294781e-06
"PBANKA_030500",1665.60410421808,5.25812629319353,0.801312323885129,4.06598800003055,4.78293968981035e-05,0.00044981373719171
"PBANKA_030510",2676.84915300785,4.90839756442788,0.723128438682416,4.0219654059342,5.77145359178402e-05,0.000530717221395606
"PBANKA_030590",141.825564383628,-3.05121780781738,0.326357705554304,-3.22106017393378,0.00127717329352182,0.00889721058685742
"PBANKA_030630",441.456540979942,-4.76380119082991,0.408808021458363,-6.76063346548447,1.37389699837381e-11,3.32467004635721e-10
"PBANKA_030660",1350.04340388508,-4.83586766262503,0.643383823094203,-4.40773852377356,1.04455539589536e-05,0.000112561724693099
"PBANKA_030680",1524.79622140551,-4.25810633851397,0.340861939577294,-6.62469485831791,3.47966225487036e-11,8.18116046059862e-10
"PBANKA_030690",398.13204490854,-4.15603887488233,0.340526772943667,-6.33148124079805,2.42818696635347e-10,5.15273726501059e-09
"PBANKA_030840",179.67980083802,-5.35911984926523,0.459768995563959,-7.30610345994489,2.75000461991409e-13,8.07058093418758e-12
"PBANKA_031000",890.971091478271,-4.55189670051863,0.361077941722196,-7.06744003343742,1.57817906932965e-12,4.26830391430464e-11
"PBANKA_031060",1179.06477136274,-6.84676578366054,0.389802389268414,-12.4339047607097,1.71069425904399e-35,5.05632345994573e-33
"PBANKA_031150",1872.86978118992,-5.91176816967604,0.614273340075865,-6.36812297468895,1.9135547146431e-10,4.12410906728809e-09
"PBANKA_031170",538.770744893258,3.24715164688026,0.372032819054531,3.35226244300091,0.000801539969199665,0.00586002189496151
"PBANKA_031180",2378.95705556659,4.76459992536115,0.60113982153111,4.59892994331948,4.24666547445316e-06,4.80128462658119e-05
"PBANKA_031200",1650.0445322686,-7.07162596929217,0.516079661141825,-9.82721535289961,8.59628321744894e-23,6.13300344031099e-21
"PBANKA_031280",358.871497118317,-3.24999742769897,0.335911192252959,-3.72121398907616,0.000198267336502352,0.00163432318415684
"PBANKA_031440",239.779767425792,-4.42528174970336,0.368094237502104,-6.58875228843944,4.43538069999335e-11,1.01401134456201e-09
"PBANKA_031580",493.305388608486,-4.19388233793045,0.424002140549987,-5.17422467510352,2.28859304365944e-07,3.14624518759561e-06
"PBANKA_040250",310.544463660534,-3.75198741015151,0.459970278633906,-3.80891438323981,0.000139578274108666,0.00117872428216665
"PBANKA_040290",492.106985735323,-3.17583635795217,0.353692577001549,-3.3244586808137,0.000885903598494934,0.00638653151667603
"PBANKA_040310",691.322745709531,-6.66774736897991,0.406744754953322,-11.4758637010957,1.74427206757575e-30,3.00741575651186e-28
"PBANKA_040400",1231.97393804624,3.62466600845922,0.390323314796267,4.16235963077745,3.14975765129024e-05,0.000311066758020024
"PBANKA_040440",306.155587734713,-3.46662264624031,0.372089907510934,-3.94158136685612,8.09461659863449e-05,0.000723506202578055
"PBANKA_040460",584.230598891143,-2.9113869477473,0.284292516737239,-3.20580702653407,0.00134684278077664,0.00935106615243914
"PBANKA_040490",250.769281034912,-3.30088611235698,0.369260497719881,-3.52294957188685,0.000426772553992592,0.00331329236101566
"PBANKA_040690",718.521267082572,-4.63454542796342,0.538064848788276,-4.89633439890456,9.76408572648394e-07,1.25868494505267e-05
"PBANKA_040820",4867.74888017605,-8.821762802785,0.584951530974428,-11.6620992365318,1.99072884693555e-31,4.11881798430966e-29
"PBANKA_040850",161.282395679589,3.57377328147608,0.30832562139602,5.10425722763626,3.32096301683062e-07,4.46173537780686e-06
"PBANKA_040900",683.598558647105,-6.31490884857143,0.419713105837526,-10.280614992856,8.61759498078466e-25,8.91490200762174e-23
"PBANKA_041020",125.236153180982,3.35674862837877,0.282262932679039,4.80668366725123,1.53454506057981e-06,1.89550670468037e-05
"PBANKA_041120",146.646909759196,3.02349157169941,0.248149366035317,4.12449803137416,3.71544170160441e-05,0.000355069232361179
"PBANKA_041290",11944.0880815035,-8.87477339672986,0.655947787682213,-10.4806716720881,1.05988300183674e-25,1.18535023286498e-23
"PBANKA_041430",843.824960402316,-4.53294510076121,0.361286937819333,-7.01089587143569,2.36796927373656e-12,6.24118271001393e-11
"PBANKA_041570",435.51311353915,-3.04393773349746,0.307494978121445,-3.39497490292395,0.000686348918248116,0.00509894402820593
"PBANKA_041720",887.497286171245,-4.58830562519451,0.569409017208407,-4.54559999397968,5.47789829146173e-06,6.10984990028804e-05
"PBANKA_041810",643.174858950822,4.3962965228056,0.388046393984239,6.17528357421852,6.60448210122414e-10,1.34627324802293e-08
"PBANKA_050380",505.642606842531,-4.55539029857283,0.35679148539285,-7.16213924152137,7.94276820910346e-13,2.23586223464423e-11
"PBANKA_050520",501.934899855721,-3.95168831674439,0.336216045208077,-5.80486370166102,6.44183844236415e-09,1.1539535703248e-07
"PBANKA_050590",2265.84264957726,5.01662323893436,0.499073482272741,6.04444705256007,1.49923276950601e-09,2.89898373841863e-08
"PBANKA_050730",782.17188831775,3.23993178871977,0.382858079522698,3.23861988302707,0.00120109531743031,0.00843825538799087
"PBANKA_050800",53.7431850902111,4.66993744918634,0.599122731503104,4.45641153105289,8.33429716192393e-06,9.09955716518238e-05
"PBANKA_050830",1489.45530706827,-5.24958625403348,0.463089704971268,-7.01718526486158,2.26382353161712e-12,6.00493703450745e-11
"PBANKA_050870",199.86416042339,-3.73837730460003,0.458447127296202,-3.79188177021092,0.00014951009233499,0.00125746496358168
"PBANKA_050880",262.545424681941,-3.42471087468526,0.372422852249432,-3.82551947626203,0.000130496616366021,0.00111800206733456
"PBANKA_050970",731.537931339653,4.53742104903188,0.42453326491744,5.97696637394325,2.27331099399192e-09,4.31511967575163e-08
"PBANKA_051040",436.72602276633,-4.52231626981207,0.332328100086348,-7.58983748035961,3.20306977721643e-14,1.03229039235187e-12
"PBANKA_051090",2059.21137370603,-3.82995439575759,0.377843996509584,-4.84314799933886,1.27798024033701e-06,1.60738061839349e-05
"PBANKA_051100",485.963224116406,-6.4430191729832,0.562646364585692,-7.89664601539697,2.86508571551814e-15,1.00472243142492e-13
"PBANKA_051170",971.777806992538,-5.33848388282245,0.33067330033748,-10.096018878498,5.7530499582146e-24,5.06513206959404e-22
"PBANKA_051200",299.152033340608,-3.82804144793948,0.454494535896151,-4.02214174992232,5.76713314885587e-05,0.000530717221395606
"PBANKA_051300",1450.28079490688,-6.54449583908856,0.487270628985535,-9.32643087589723,1.09496035942256e-20,6.20677529765829e-19
"PBANKA_051490",21924.7440650626,-7.88506219924165,0.574994673536713,-10.2349855922029,1.38215753078515e-24,1.39496777131437e-22
"PBANKA_051500",12484.3969776812,-6.8472999500722,0.501484080588857,-9.66590992156792,4.20863026508051e-22,2.67927877490817e-20
"PBANKA_051600",137.698625957757,-3.54756236290347,0.450713089461233,-3.43358646351579,0.00059565219364148,0.00448963347411374
"PBANKA_051760",837.0287962452,-4.63530638923609,0.557885240101403,-4.72374280552231,2.31543214529942e-06,2.75323511989913e-05
"PBANKA_051810",819.736780612058,-6.28949440542139,0.66901132030649,-6.41169181331083,1.43913538562759e-10,3.11787551085181e-09
"PBANKA_051850",231.26965891895,-4.50767262192715,0.384739008556058,-6.51785383379386,7.13204373076695e-11,1.58668800848998e-09
"PBANKA_052130",1769.37120473406,4.27191216378526,0.564637051136691,4.02366822937246,5.72986208045235e-05,0.000529244850198925
"PBANKA_052240",405.034576944924,-4.64544965868834,0.431452025128622,-6.13150363102292,8.70523479780147e-10,1.731839499678e-08
"PBANKA_060180",72.1560449692919,-3.81571022572864,0.363693345863509,-4.99242080279924,5.96271665403511e-07,7.83292746488802e-06
"PBANKA_060260",166.058260873605,-4.05645406032564,0.39539531685081,-5.20100763131087,1.98210962618216e-07,2.77093568687222e-06
"PBANKA_060330",431.667742989611,-3.75034384578738,0.407226407169392,-4.29820810971942,1.72184459713945e-05,0.000177238630421967
"PBANKA_060340",495.809302552985,-4.91782279111294,0.361256039713168,-8.07688307005097,6.64432017933805e-16,2.56955111234587e-14
"PBANKA_060350",292.745609733387,-4.48392613293046,0.372181470066507,-6.67396507538808,2.48982892952316e-11,5.88737834878104e-10
"PBANKA_060390",864.738996892042,-5.26641406762689,0.58424828587223,-5.59079786216305,2.26028587622937e-08,3.711532918983e-07
"PBANKA_060500",124.423612199747,-3.50645885403712,0.439935819192654,-3.4242696055113,0.000616454306244112,0.00462117376673575
"PBANKA_060580",412.408235428528,-5.21664158937368,0.474781211267166,-6.77499764741877,1.24408284304748e-11,3.04616260623105e-10
"PBANKA_060620",1033.05096048359,-4.77042693135653,0.503990002513861,-5.4969878718583,3.86333259075513e-08,6.0785058024885e-07
"PBANKA_060760",362.025780122417,-3.61083121506901,0.345256419305468,-4.66560829863619,3.07705377103943e-06,3.56662423096951e-05
"PBANKA_060800",593.781344938264,-6.04908595202068,0.418105280786604,-9.6843693157927,3.51370433811348e-22,2.2718294611115e-20
"PBANKA_060860",1820.57695284934,-4.53404569182648,0.542787461054597,-4.66857817036342,3.03291378981962e-06,3.53526683444326e-05
"PBANKA_060960",2064.43052152899,-9.35658015657339,0.639302167607346,-11.5072035249093,1.21349822944855e-30,2.1832415971557e-28
"PBANKA_061030",488.146222830365,-3.56242877830232,0.403279682066001,-3.87430571829952,0.000106929109236744,0.000931521376887679
"PBANKA_061430",147.401153617045,2.9378667349386,0.252715588749144,3.71115505608783,0.000206315672187582,0.00169728479425887
"PBANKA_061580",727.541531490055,3.26342360944319,0.355848063348429,3.55045801726369,0.000384561465972999,0.00300815755424626
"PBANKA_061620",976.671315574435,-4.21868335545262,0.462730423444003,-4.79476438773884,1.62866136806983e-06,1.99390554469614e-05
"PBANKA_061640",1740.08403689871,-7.65402449115831,0.558096715224009,-10.130904441695,4.02905269292088e-24,3.66927461266853e-22
"PBANKA_061650",1345.80930684044,-7.69567549283143,0.393036036053892,-14.4914841652089,1.37147081309592e-47,1.13502924491819e-44
"PBANKA_061660",443.912566240556,-4.92024768344221,0.443556296788973,-6.58371373506067,4.5884018072468e-11,1.037530419584e-09
"PBANKA_061670",253.627057225655,-3.66512675673615,0.320041053008764,-5.20285363731305,1.96251429713355e-07,2.75284208865716e-06
"PBANKA_061720",1974.81830781142,-3.64825456788606,0.377440322869002,-4.36692761217809,1.26006465015988e-05,0.000133013967407184
"PBANKA_061740",666.458699556779,4.1615658059407,0.236477431806745,9.14068538983113,6.20577598371195e-20,3.42393346941334e-18
"PBANKA_061750",574.445567618983,-6.17835982380526,0.370349825771965,-11.2821973524513,1.60681538471103e-29,2.55730848535933e-27
"PBANKA_061770",325.137696986593,-3.79107311083092,0.373817618222868,-4.79130202408785,1.657024723672e-06,2.02264551815774e-05
"PBANKA_061790",361.622164862047,-3.2079507681436,0.270524854938605,-4.4652117766323,7.99895898355156e-06,8.77975922385579e-05
"PBANKA_061840",503.208182823285,-4.68706797560358,0.332920084161484,-8.07121018959076,6.96047711507929e-16,2.66689391687019e-14
"PBANKA_061920",23538.3886180671,-10.2123017862239,0.478695604817926,-17.1555821770026,5.70950262772642e-66,1.1812960936766e-62
"PBANKA_062020",422.09777002367,-3.40843244176054,0.321078646729124,-4.38656527336356,1.15154618737088e-05,0.000122496095715699
"PBANKA_062040",724.867373275955,-3.94337442915666,0.383112818876701,-5.0725904574394,3.92436484555346e-07,5.238394106742e-06
"PBANKA_062050",502.079533664244,-5.35875492112256,0.462529776930321,-7.26170527530934,3.82240355701191e-13,1.10609132300107e-11
"PBANKA_062070",139.042969920043,-3.4630998331464,0.414078092185373,-3.53339106984536,0.000410265115805217,0.00319112227293607
"PBANKA_062100",167.19992176467,-3.37435351111366,0.319736990427087,-4.29838758811696,1.72045119058089e-05,0.000177238630421967
"PBANKA_062190",368.15999483846,-5.37933598258278,0.324206195314271,-10.4234158119866,1.93862947583554e-25,2.1110654660546e-23
"PBANKA_062230",793.28391156558,-6.12574949992321,0.410291354197387,-10.0556579067916,8.67401007945234e-24,7.4777195226612e-22
"PBANKA_070190",3281.31868659106,-5.18899735057411,0.620784075782107,-5.1370476063781,2.79088274655794e-07,3.78645010008418e-06
"PBANKA_070270",234.686843267616,-3.40919495626982,0.427263233647309,-3.29818913797076,0.000973105628557947,0.00697870206407762
"PBANKA_070320",403.06550365287,-3.54491731179713,0.395633426886622,-3.90492108807545,9.42561365721528e-05,0.000829855091777805
"PBANKA_070330",274.035847111281,-3.4919345277139,0.357050484348858,-4.17849742014689,2.93441324724744e-05,0.00029114573138671
"PBANKA_070490",721.147638629658,-4.79736188890645,0.511762127029508,-5.46613698271024,4.59948948598665e-08,7.15514567406495e-07
"PBANKA_070650",423.878970135661,-5.78893118007346,0.461487566652454,-8.21025625361408,2.20716933956812e-16,8.95418306581656e-15
"PBANKA_070660",2153.84324750912,-7.31256948827521,0.522933787995232,-10.1591628046105,3.01655506700457e-24,2.90290810866626e-22
"PBANKA_070710",5473.03255883622,-6.41083987902121,0.553168182848705,-7.97377726301298,1.53896795797218e-15,5.58618369306041e-14
"PBANKA_070750",184.072463189032,-3.75908822768912,0.399598353386418,-4.40214083161663,1.07187940460123e-05,0.000114907693684971
"PBANKA_070770",2666.1818290016,5.80350753853064,0.731483769726815,5.19971555889905,1.9959373175176e-07,2.78087158918782e-06
"PBANKA_070900",262.723588381805,-3.1726967368657,0.31242127478973,-3.75357516115049,0.000174330228170846,0.00145439210518339
"PBANKA_071070",686.354396030847,-5.53645040151772,0.376012332554198,-9.4051447129277,5.19586568446156e-21,3.13605826306583e-19
"PBANKA_071090",272.767982023928,-4.21550951436186,0.371656924253771,-5.96116840500215,2.50440699250954e-09,4.7105618795475e-08
"PBANKA_071140",2424.57494077432,-8.15998803364873,0.617403733092771,-9.97724455404796,1.91716844165593e-23,1.55553784540632e-21
"PBANKA_071150",224.517818345436,-3.57301303952636,0.443032524168819,-3.55055882743038,0.000384414213574179,0.00300815755424626
"PBANKA_071160",1835.24541735804,-7.61001601949515,0.57131794971774,-9.81942895767022,9.28681081727837e-23,6.5133598579488e-21
"PBANKA_071220",2748.9993570739,-5.517709513493,0.33049424639928,-10.6437844283775,1.86401244400422e-26,2.14257874813596e-24
"PBANKA_071290",3663.09628641396,-4.85441468857632,0.517881086758504,-5.51171834917265,3.55347236477244e-08,5.61638394688496e-07
"PBANKA_071400",1462.1147052889,-5.30152044546294,0.511525396869619,-6.45426496058113,1.08745406958073e-10,2.38089150260585e-09
"PBANKA_071430",4270.15951702337,-9.47948843454843,0.568594367853529,-13.1543484378571,1.60662478542773e-39,6.64821336209996e-37
"PBANKA_071630",248.721225344464,-5.06129563487426,0.407180685719197,-7.51827319477873,5.55044288256672e-14,1.73997974606523e-12
"PBANKA_071680",1451.39292144377,-9.18460800102209,0.803345313196746,-8.94336206734366,3.77506411335425e-19,1.90502625622682e-17
"PBANKA_071760",257.379710441029,-4.2916368707473,0.310198024781632,-7.38765784327778,1.49437685338026e-13,4.48096479658516e-12
"PBANKA_071830",546.128450029662,-3.88795821834878,0.403737872811204,-4.67619796280947,2.92242505054015e-06,3.41610024269354e-05
"PBANKA_071870",107.581052743533,-3.67344031790655,0.299389996424181,-5.58949977585618,2.27724660694456e-08,3.7220912065844e-07
"PBANKA_071910",168.227016921853,-3.51012317897446,0.418081213558881,-3.61203309309133,0.000303805784243823,0.0024269272880327
"PBANKA_071960",338.238866541742,-3.54046194337151,0.327917256661684,-4.69771539032122,2.63087683218546e-06,3.10158641925454e-05
"PBANKA_071980",302.302116164418,-4.57647002646393,0.45909925925727,-5.61201085497751,1.99988889550108e-08,3.33691139096107e-07
"PBANKA_072070",440.433691037412,3.92126539341942,0.442278410755479,4.34401803637128,1.39900021642154e-05,0.000146558554317781
"PBANKA_072090",1042.44155683331,-4.66262979848472,0.563323393860552,-4.72664516954863,2.2825962210524e-06,2.72201243882271e-05
"PBANKA_072100",794.539854336667,-5.54860579131896,0.518566190494273,-6.84311059295361,7.74917796001196e-12,1.93169267461021e-10
"PBANKA_080070",182.240440315458,3.18985291552252,0.327430258232093,3.63391252215644,0.00027915554327399,0.00224300123896655
"PBANKA_080160",883.112939479814,3.46678842252092,0.322969426994295,4.54157050149155,5.58367067688956e-06,6.21108313466909e-05
"PBANKA_080200",861.330289456673,6.25168120921581,0.42738575558924,9.94811163828797,2.57013708851386e-23,1.96948653190192e-21
"PBANKA_080440",389.018635908895,3.36964940296315,0.327825216293383,4.17798672856636,2.94100811308953e-05,0.00029114573138671
"PBANKA_080450",612.315024243305,4.46834404249058,0.636384745676645,3.87869768918813,0.000105017165196179,0.000916795421058623
"PBANKA_080670",1272.34296287457,3.52453814218437,0.322402121176537,4.72868521032336,2.25978429141349e-06,2.70259751383497e-05
"PBANKA_080860",736.609566627566,-3.63872915967032,0.384022397571178,-4.26727495592644,1.97875217920133e-05,0.000203178077358191
"PBANKA_080900",708.195705679244,-3.87872302073562,0.325548430337337,-5.77094787030263,7.88268598476536e-09,1.39395532499825e-07
"PBANKA_080930",215.603918729668,-3.41084422875702,0.356796120305721,-3.95420283031144,7.67902471631435e-05,0.000692283317562283
"PBANKA_081020",1832.99031299996,-6.26221010216335,0.397589248378253,-10.7201342077249,8.18844321695875e-27,1.02678115247804e-24
"PBANKA_081030",155.854218772379,-3.29176870319599,0.400581362736662,-3.22473490621477,0.00126089365409049,0.0088283890704339
"PBANKA_081040",143.402080572245,-3.81793344250815,0.44221605700878,-4.11096208221144,3.9401390896196e-05,0.000375675012738385
"PBANKA_081050",351.401076812282,-3.06413710058728,0.328033183009767,-3.24399224134468,0.001178669567676,0.00832309670826496
"PBANKA_081140",1685.71280590476,3.74355828298327,0.546330800850862,3.19139664149968,0.00141586759586337,0.00978106863386078
"PBANKA_081540",809.532574542712,-3.95283882595682,0.561704683687806,-3.47662905912709,0.000507759785105335,0.00387658669883003
"PBANKA_081650",216.584319791533,-3.78563133113853,0.458629755515094,-3.89340488632941,9.88469687191175e-05,0.000864754242198115
"PBANKA_081680",254.476946650724,-4.22178915295943,0.427579014267343,-5.19620720106309,2.03395549740121e-07,2.82433149270007e-06
"PBANKA_081690",299.006463995187,-3.35559021814049,0.286396160588239,-4.73326952203618,2.20931805703862e-06,2.65760410465867e-05
"PBANKA_081710",177.449407145544,-3.10340594304685,0.267371785799924,-4.12686005647783,3.67750028143416e-05,0.000353074156950686
"PBANKA_082020",11552.3088948655,-10.8759843985532,0.626697329553524,-14.1631118882805,1.54976495277382e-45,9.16132482082582e-43
"PBANKA_082100",594.830077579302,-6.11969712693678,0.487778460848155,-8.44583649670261,3.01875958606568e-17,1.28779661516905e-15
"PBANKA_082120",327.024192112353,-4.08662385685069,0.449415021935119,-4.64297754860524,3.43423681423008e-06,3.94746442702336e-05
"PBANKA_082140",714.351087014776,-6.24538367028406,0.436460777112259,-9.72683891178642,2.31680782730192e-22,1.52173822053577e-20
"PBANKA_082420",1315.34753601477,-6.85622732482191,0.581705436504059,-8.34825844848028,6.92768527773611e-17,2.89563249285576e-15
"PBANKA_082450",184.994020572953,-4.60913064472131,0.449043764138842,-5.81041504879817,6.23181491093868e-09,1.12608079045695e-07
"PBANKA_082500",417.001238823152,-3.60928553065198,0.38399030525235,-4.19095354398177,2.77784538328545e-05,0.000279676987738082
"PBANKA_082570",471.739598747371,-5.2343840798919,0.550715842133036,-5.87305436387023,4.2783809164856e-09,7.86841788107441e-08
"PBANKA_082590",1562.76857315725,-5.49275500121634,0.613031322631836,-5.6975147472423,1.21566469356484e-08,2.07868615783938e-07
"PBANKA_082650",975.345539148814,-3.34528805008739,0.349738399046515,-3.846555178828,0.000119790162667347,0.00103918593944964
"PBANKA_082830",267.322327708045,-4.71661410437004,0.560077043624799,-4.85042930306198,1.23194539101015e-06,1.55895719510704e-05
"PBANKA_082880",494.681551829424,-4.84380258941001,0.430923102084161,-6.59932729448933,4.13027584041271e-11,9.495045237571e-10
"PBANKA_082920",394.531708125332,-4.07994602846525,0.390426454488422,-5.32736960970182,9.96452627893294e-08,1.46217055823491e-06
"PBANKA_082930",464.650368943705,-4.16053884218721,0.401880051481454,-5.3760788429851,7.61254674799597e-08,1.14133037837708e-06
"PBANKA_082960",221.013431621133,-4.3766084030182,0.485043063302896,-4.89978845761592,9.59398975304747e-07,1.24062279994095e-05
"PBANKA_083040",2388.86914239756,-6.657935701708,0.415971879505131,-11.1977177573864,4.18372822301729e-29,6.18295263815912e-27
"PBANKA_083100",6270.8927209057,6.07913098940232,0.75289175076041,5.41795149871473,6.0285763773889e-08,9.17141509177768e-07
"PBANKA_083150",479.319523126032,3.05094716991348,0.279233463632495,3.76368632986144,0.000167426870372185,0.00139962098909112
"PBANKA_083220",807.463732717754,-4.60550318788312,0.453333672364913,-5.74742920438923,9.06105177087736e-09,1.57540471545759e-07
"PBANKA_083240",386.641494248639,-4.6294763696539,0.448192477882182,-5.86684627568676,4.44162113002158e-09,8.13249036992446e-08
"PBANKA_083480",400.769029409514,-3.24151745860492,0.365793254497822,-3.39404142460016,0.000688692742602639,0.00510718739944394
"PBANKA_083580",199.554186449812,-3.14445213341128,0.281450883374909,-4.06625880753338,4.77738797219433e-05,0.00044981373719171
"PBANKA_090300",896.905206574922,-4.685132066713,0.437053821063938,-6.14371031049784,8.06158108600989e-10,1.62725963580044e-08
"PBANKA_090440",292.286175576702,-3.47935983437391,0.3361989680472,-4.40025096735638,1.08125752331974e-05,0.000115613530529641
"PBANKA_090450",508.654176621809,-4.4497945044682,0.376911869414097,-6.49964806965716,8.05081263467988e-11,1.78151137338531e-09
"PBANKA_090470",1301.38002383636,-3.83225347401983,0.44255953695144,-4.14012877598631,3.47110907787637e-05,0.000337170172869775
"PBANKA_090560",1230.5016893703,-4.93345827439055,0.37692151431503,-7.78267666604665,7.10059446728629e-15,2.42828594261411e-13
"PBANKA_090680",99.3738206599492,-4.13367526166982,0.531826100467435,-4.01197921612813,6.02118022423718e-05,0.000552453298622914
"PBANKA_090700",472.448123647826,-5.14660125067437,0.438653314709478,-7.17332149366836,7.31996793011576e-13,2.10347411769577e-11
"PBANKA_090710",819.798652438516,-4.39515800860686,0.49802526858183,-4.8093102091532,1.5145201625927e-06,1.88200733717975e-05
"PBANKA_090860",1647.48036674522,-7.97358218732096,0.515583541594513,-11.5860606582724,4.84926625394868e-31,9.55536369468554e-29
"PBANKA_090890",255.059036949479,-3.94129631902693,0.322035161375017,-6.02821229439056,1.65783195386497e-09,3.17597621532094e-08
"PBANKA_090980",746.035324901178,-4.61145969903751,0.439961883381269,-5.93564987713819,2.9268380813061e-09,5.455520711912e-08
"PBANKA_091000",604.503845329064,4.52943137036086,0.545535054344184,4.63660648425539,3.54175774016379e-06,4.059776600775e-05
"PBANKA_091030",642.286054486903,3.98574493208987,0.474572982915193,4.1842772420206,2.86074809057299e-05,0.00028593660866645
"PBANKA_091210",1583.02923777703,-4.33272436306659,0.403010809547169,-5.78824266695895,7.1126607853789e-09,1.26862889353008e-07
"PBANKA_091220",253.58666697172,3.05099425943575,0.306361310635299,3.43057110330383,0.00060231209663282,0.00453157719248474
"PBANKA_091420",1526.38402062429,3.85850969573339,0.522844614464258,3.55461191397705,0.000378537373743686,0.00297227258548648
"PBANKA_091520",549.197392468523,5.21214535770652,0.342618535079602,9.37528192092768,6.89911462991705e-21,4.02092061106996e-19
"PBANKA_091600",1998.7842407866,-4.01425220760105,0.497013128868798,-4.05271428580869,5.06268164637111e-05,0.000472626766470676
"PBANKA_091665",418.056491500187,-6.0244955685273,0.719269418218019,-5.59525466618327,2.20298161549749e-08,3.64637516997145e-07
"PBANKA_091670",2024.03235501572,-6.7925786847191,0.51091560212236,-9.38037254061253,6.57400343538341e-21,3.88617517365951e-19
"PBANKA_091780",483.738493888143,-3.26480902353029,0.344058762306943,-3.67614245615964,0.000236787330509794,0.00192879128671167
"PBANKA_091800",3119.04849603651,-3.56763249627351,0.397718672267066,-3.94156122300653,8.09529656340357e-05,0.000723506202578055
"PBANKA_091830",1454.75053251452,-4.07145161516821,0.390708008158784,-5.30178949986195,1.14673021118026e-07,1.66497179433822e-06
"PBANKA_091890",492.181307274049,3.6058893252796,0.386157079366411,4.15864271584628,3.20144187059262e-05,0.0003146690370668
"PBANKA_092000",218.787125570076,-3.23878810141421,0.279091395078916,-4.43864670590767,9.05262703816782e-06,9.83196080943266e-05
"PBANKA_092120",4201.66444159854,-9.94923427206096,0.648166212634161,-12.2641910625904,1.41013500097118e-34,3.64696164626171e-32
"PBANKA_092240",204.111156599003,-4.34043815732853,0.339907127235606,-6.88552245539194,5.75758310617054e-12,1.47067153662554e-10
"PBANKA_092280",511.972159806836,-5.27674431427208,0.414898183803737,-7.89770705726228,2.84080844325043e-15,1.00472243142492e-13
"PBANKA_092290",563.783349461156,-3.66976323562705,0.255589734626073,-6.5329823909787,6.4472726739499e-11,1.44209807161106e-09
"PBANKA_092330",504.863044496649,-4.55877926058846,0.32165353941122,-7.95507882572116,1.79017495456509e-15,6.44151648868724e-14
"PBANKA_092360",486.36807907995,-5.26636561448858,0.439708929001708,-7.42847233487926,1.09859051961752e-13,3.34262321336567e-12
"PBANKA_092420",155.665899420761,3.58312013456656,0.290275063240836,5.45386199176564,4.9287459596583e-08,7.6386332513356e-07
"PBANKA_092470",490.587155123532,-3.38973310453011,0.284346659624861,-4.88746063120133,1.02144912582441e-06,1.30859333828527e-05
"PBANKA_092540",688.230541347157,4.99942412060551,0.490905165261,6.10998688313008,9.96393289769828e-10,1.95406418628794e-08
"PBANKA_092770",443.568937948636,3.52198839039792,0.433247323398288,3.51297817251313,0.000443113877509055,0.00342729948622892
"PBANKA_092800",346.20082524637,-4.89708901200976,0.387534901232683,-7.47568542289898,7.68024806022756e-14,2.3717064532255e-12
"PBANKA_092880",291.691082575495,-3.28944694077742,0.363799180915999,-3.5443920943713,0.000393519547788094,0.00307242243159836
"PBANKA_092930",533.357590591358,-3.98508134361001,0.288973884610177,-6.86941432886874,6.44660181309697e-12,1.63656676703038e-10
"PBANKA_093110",1473.99230691909,-4.98388326094701,0.54138330277756,-5.51159085556987,3.55604783490541e-08,5.61638394688496e-07
"PBANKA_093120",1860.59111253945,5.04004831003538,0.794790599536121,3.82496762267911,0.000130789273799415,0.00111819424583053
"PBANKA_093260",668.643401778063,-4.73131061942847,0.434745800851775,-6.28254629274661,3.33072044216206e-10,6.99620364957695e-09
"PBANKA_093280",291.299619652096,3.70938232334969,0.375739020760736,4.54938728452745,5.38023432862589e-06,6.0171377437443e-05
"PBANKA_093460",379.044430139601,4.05102801909063,0.542416500998237,3.78127880570746,0.00015602481667869,0.00130959572295419
"PBANKA_093660",799.328608386409,-5.09665486388701,0.394435539083826,-7.85085155125664,4.13221843908367e-15,1.43690083201077e-13
"PBANKA_093950",564.940413549765,-4.68871123108415,0.388845961773872,-6.91459214033895,4.69211357694945e-12,1.20596061996378e-10
"PBANKA_093970",296.299003455938,-3.05701437490318,0.329675043249837,-3.20623109496991,0.00134485935715094,0.00935106615243914
"PBANKA_094110",1270.38895717388,-4.82178595247258,0.278565568195535,-10.1297011355397,4.07894229537826e-24,3.66927461266853e-22
"PBANKA_094130",533.755974946711,4.86370563580145,0.411853152839989,6.95322013696966,3.5704087611832e-12,9.23396965861004e-11
"PBANKA_094140",115.093560830539,2.9442987411169,0.257852492457078,3.66216642747438,0.000250091291637316,0.00202520110527439
"PBANKA_094220",260.061142188543,-3.72465385423418,0.427347770926817,-4.03571510503919,5.44362393655644e-05,0.00050393100334386
"PBANKA_094280",399.237287046205,-4.20559437132668,0.389273489547502,-5.66592493593772,1.46233536863894e-08,2.46985459405221e-07
"PBANKA_094340",1284.69691300326,-3.67565660937936,0.464911350811039,-3.6042497273,0.000313055944822749,0.00248642130456149
"PBANKA_100100",901.440018346104,3.596122140649,0.314788975999785,5.07045119855179,3.96873676003408e-07,5.28058929679133e-06
"PBANKA_100210",1035.99723057108,-3.74889208960548,0.537577517916164,-3.25328353831609,0.00114079604062362,0.00808324317825433
"PBANKA_100290",93.6592425702615,3.91972133736949,0.383697393892955,5.00321703489355,5.63814024742218e-07,7.43013514134808e-06
"PBANKA_100300",2891.70633159658,5.18666706605426,0.670152024470852,4.75514054974381,1.98308404032173e-06,2.4064521286954e-05
"PBANKA_100520",414.112548779505,4.63814757520393,0.38690305137869,6.81862695526219,9.19147296777988e-12,2.27750390063911e-10
"PBANKA_100540",506.677381056903,3.22075721230868,0.338573313395213,3.60559194718251,0.000311442191733691,0.00247836113345003
"PBANKA_100620",1559.79102231295,-5.34295150161553,0.600692807060227,-5.56515986594852,2.61912183822545e-08,4.23356490881911e-07
"PBANKA_100640",1581.63200746635,-8.59956096980745,0.678430031773988,-9.72769579871139,2.29737878164429e-22,1.52173822053577e-20
"PBANKA_100790",504.145221320337,-4.83569985506268,0.438704143792334,-6.46380914150881,1.02099635005923e-10,2.24727813646015e-09
"PBANKA_100960",547.754355978481,-3.5625094987712,0.468599347100986,-3.33442525781938,0.000854758684756639,0.00619438080126615
"PBANKA_100990",896.475035402481,-6.33023985890451,0.492056079609767,-8.80029744239453,1.36454000518664e-18,6.20490828732122e-17
"PBANKA_101150",1772.1245369461,4.75151173995965,0.362554733129643,7.58923133124773,3.2180878646467e-14,1.03229039235187e-12
"PBANKA_101160",496.421138115345,-4.38567680177015,0.362352885158439,-6.58384933440509,4.58421681723998e-11,1.037530419584e-09
"PBANKA_101250",1119.49871926739,-3.27736729047169,0.391230233243772,-3.26500147977005,0.00109463504674869,0.00780965486801047
"PBANKA_101320",579.465430438263,-4.73929630159789,0.322545808595714,-8.49273569395961,2.01828944467438e-17,8.69966846048186e-16
"PBANKA_101330",380.562200598317,-3.27613655459623,0.308972461576606,-4.13025985579567,3.62353426140655e-05,0.000349514796589751
"PBANKA_101500",245.21047377719,-3.45011280181927,0.330411133068852,-4.38881338031998,1.13970815239535e-05,0.000121549286974535
"PBANKA_101520",785.650103660504,-5.11707893760392,0.351228343273183,-8.87479327139461,7.00634312056399e-19,3.35373908425583e-17
"PBANKA_101540",764.603037081313,-3.41463242097133,0.38758493188896,-3.64986433831903,0.000262378844209649,0.00212055401824126
"PBANKA_101700",270.112670150483,-4.82311135813652,0.460398291014536,-6.13188930809343,8.68415206948302e-10,1.731839499678e-08
"PBANKA_101900",180.120932342882,-4.62994763335051,0.557450786811571,-4.7178113217723,2.38395427530052e-06,2.82659105764858e-05
"PBANKA_101920",680.700828383385,-4.14728900350915,0.375055344556641,-5.7252590442285,1.03276032260468e-08,1.7806509228909e-07
"PBANKA_101980",393.234537808318,-3.28904308845622,0.351372240911991,-3.66859682799784,0.000243885326562405,0.00197881859081418
"PBANKA_102000",679.110580062197,-3.70877698936051,0.458073002667873,-3.73035952655665,0.00019120672693269,0.00158242687209495
"PBANKA_102060",718.014591489279,-6.31182260076978,0.476842984599601,-9.04243690276867,1.53217334970991e-19,8.0254852165818e-18
"PBANKA_102080",539.424814670894,-4.60256375239201,0.369953367544658,-7.03484271454253,1.99485901392206e-12,5.36021207766851e-11
"PBANKA_102110",640.768405876655,-4.4338564345715,0.46663059129932,-5.21580985034541,1.83015847255342e-07,2.57591692497485e-06
"PBANKA_102310",454.971220003837,-4.05646811754773,0.505323990060272,-4.06960318132224,4.70932798108277e-05,0.000445931331481019
"PBANKA_102440",4589.40010228842,-9.97723094834334,0.478078989054095,-16.6860103267176,1.65679244765519e-62,2.28526904946573e-59
"PBANKA_102460",1824.63503085462,5.32821721392056,0.627588377691367,5.30318490945239,1.13799546220001e-07,1.65810747274072e-06
"PBANKA_102570",1222.60266269076,-7.00639334360293,0.555853305040634,-9.00668089620687,2.12386953294127e-19,1.09857151591387e-17
"PBANKA_102600",132.285972044149,-3.67073019158048,0.460663451501815,-3.62679128577209,0.000286965063629796,0.00230128184748081
"PBANKA_102760",1157.12526682781,-4.64357491974987,0.72538056157292,-3.64439724441681,0.000268019187539057,0.00216191695523707
"PBANKA_102790",352.937765728977,-4.28585423083913,0.276934190904453,-8.25414234108702,1.52996924086056e-16,6.33101271868098e-15
"PBANKA_102870",673.775615542783,-4.5190796387367,0.355025752339072,-7.09548426315513,1.28899322340088e-12,3.5323536148562e-11
"PBANKA_102880",927.37345596348,-4.13783447643233,0.552384028573109,-3.87019603364471,0.000108747872329245,0.000945375411131124
"PBANKA_102890",586.086308260093,-3.99152126118515,0.405297278082936,-4.91372967172413,8.93599404806173e-07,1.15915809940061e-05
"PBANKA_102900",667.074812209859,4.22960462403594,0.456259293270569,4.88670511904236,1.02537492849329e-06,1.30956835003248e-05
"PBANKA_102990",192.080301971932,4.12371027241976,0.31485283721342,6.74508856650454,1.5293370729781e-11,3.67930046975778e-10
"PBANKA_103000",186.341407939638,3.47524428986034,0.433485995060598,3.40321096106949,0.00066598836786513,0.00495658249321206
"PBANKA_103040",167.81394638682,3.81001559987897,0.474742206554372,3.81262835890633,0.000137496781185763,0.00116590508308748
"PBANKA_103050",159.914855112774,3.9051453721883,0.315272686722252,6.04284942027563,1.51415958018912e-09,2.91422899666166e-08
"PBANKA_103210",830.070309936207,4.87387737490614,0.752836890325932,3.81739711727188,0.000134866997368613,0.00114595407620394
"PBANKA_103380",1285.426673314,3.29861166542609,0.300695413492731,4.31869462304746,1.56954777278809e-05,0.000164009815247402
"PBANKA_103450",1689.6788218743,-7.84928681024349,0.640224574720665,-9.13630472993884,6.46227629438936e-20,3.51853938239252e-18
"PBANKA_103470",304.477949353866,-3.25480654116584,0.308433397340062,-4.06832253571542,4.73528053792918e-05,0.00044736508826372
"PBANKA_103570",182.866423720249,3.36459628451103,0.396852794308039,3.4385452341097,0.000584848818640147,0.00442432250737281
"PBANKA_103620",447.41794419218,-5.86336231837258,0.380518605927869,-10.1528867660808,3.21703973331188e-24,3.02547964010103e-22
"PBANKA_103780",22296.8903958969,-12.632456221025,0.575839785467019,-18.4642612222458,4.00464715918055e-76,1.65712299446891e-72
"PBANKA_103880",159.01764580215,-3.4107064258286,0.403649079013171,-3.49488330130084,0.000474269072661437,0.00366142802737505
"PBANKA_103980",95.8678142375118,3.82606178291733,0.39472622833259,4.62614757228323,3.72529914035413e-06,4.2349691875784e-05
"PBANKA_103990",126.861024180799,3.55486239938406,0.462099851693968,3.36477580264144,0.000766058786595014,0.00564048266713553
"PBANKA_110350",232.335223533854,3.04098437087833,0.310859533143225,3.34872912003862,0.000811831250199421,0.00590470900827785
"PBANKA_110360",290.394062373805,2.67792866361581,0.1948205532571,3.47975946214035,0.000501864148288143,0.00384576638077099
"PBANKA_110390",911.653841268304,-5.92792910996538,0.40338862561063,-9.73733234054252,2.08967964847486e-22,1.41755645662114e-20
"PBANKA_110420",662.382627329939,-5.58345794289234,0.406788726046145,-8.80913779917747,1.26112081494525e-18,5.79835325804827e-17
"PBANKA_110500",211.167673856547,3.92812396097087,0.360692488586981,5.34561717246824,9.01094825324995e-08,1.34611205313893e-06
"PBANKA_110600",367.39523864442,-4.55489938908284,0.386238029485401,-6.6148312544128,3.71975814831524e-11,8.64739281894858e-10
"PBANKA_110690",1253.89879451362,-6.88109565059415,0.630415068174757,-7.74266970605003,9.73507033258075e-15,3.30194434723108e-13
"PBANKA_110750",95.8694771281943,-3.3689353779157,0.370746416354109,-3.69237656125635,0.000222168181976829,0.00181686153561289
"PBANKA_110760",2770.39948426164,-5.4625924672081,0.470991629554385,-7.35170701543918,1.95691386550546e-13,5.78407826818684e-12
"PBANKA_110910",126.811818978097,-3.47730884546296,0.409288991669912,-3.60945169679619,0.00030684490241911,0.00244648209289071
"PBANKA_110930",625.949380418023,-4.0152582334841,0.42589226362968,-4.73184982584326,2.22482989339863e-06,2.66850611561841e-05
"PBANKA_110990",995.802204319037,-7.06169581814042,0.470095821467952,-10.7673703678846,4.9081969017234e-27,6.47520518412002e-25
"PBANKA_111000",439.27480614773,-5.61605626520225,0.446966850399131,-8.09021130308252,5.95613128756773e-16,2.3251387988637e-14
"PBANKA_111020",419.333166235184,-4.06370990992031,0.499939216518092,-4.12792163874111,3.66056807089141e-05,0.000352265829705783
"PBANKA_111060",149.548750960138,-3.47489295264378,0.444810658845739,-3.31577700154726,0.000913887212864968,0.00656539112297785
"PBANKA_111100",5041.02841011539,4.27466793781297,0.40609710385366,5.60129071649982,2.12761557638069e-08,3.53577239159169e-07
"PBANKA_111360",153.620585091043,-3.62630479282374,0.33847969412177,-4.80473369914672,1.54957610586217e-06,1.90837676370764e-05
"PBANKA_111370",502.391965024664,-5.17859972151723,0.396231867897511,-8.02206985112922,1.03977981456353e-15,3.91146261151262e-14
"PBANKA_111410",411.73258526212,-4.3591060070317,0.604106539773555,-3.9051158226428,9.41802669158933e-05,0.000829855091777805
"PBANKA_111420",331.018263250561,-3.96051751332245,0.350785723933064,-5.58893187368295,2.28470557388216e-08,3.7220912065844e-07
"PBANKA_111500",1171.35061094414,-3.75326221856045,0.510470169268158,-3.43460269397139,0.000593423174252888,0.00448099469901177
"PBANKA_111690",579.251759069733,-4.30864758972517,0.408773143373994,-5.64774772302726,1.62563492256681e-08,2.73450297137458e-07
"PBANKA_111730",924.33691699954,-5.71532851940906,0.384716262137915,-9.65732121320406,4.57674887101365e-22,2.86948285276583e-20
"PBANKA_111920",7574.28844357884,-10.432403204501,0.546779517143676,-15.4219442025756,1.16542330545378e-53,1.20563040949193e-50
"PBANKA_112040",1708.74774643283,-3.86912752469151,0.556709235787423,-3.3574573664972,0.000786628735542694,0.0057714001909143
"PBANKA_112140",223.403907209621,-3.09897212626049,0.30526823352711,-3.60002124545622,0.00031819118103801,0.00252236610562315
"PBANKA_112150",268.9985872698,-3.63683279025749,0.345773269288149,-4.7338326459627,2.20319408446766e-06,2.65760410465867e-05
"PBANKA_112180",389.700922292945,3.16838016905219,0.296299957278293,3.94323434868002,8.0390030566525e-05,0.000721893051519129
"PBANKA_112220",239.214107123423,-3.6326814054763,0.394666532997668,-4.13686307038846,3.52086069034765e-05,0.00034120190952362
"PBANKA_112310",175.380460562165,-3.49533924130833,0.317803387040671,-4.70523380896808,2.53575171633331e-06,2.99798302919635e-05
"PBANKA_112320",355.948545961233,-4.52405964653185,0.43722548171621,-5.77290151668273,7.79179872319331e-09,1.38379670028214e-07
"PBANKA_112330",843.048740655902,-3.9052012775612,0.352689873849543,-5.40191658117736,6.59326119889246e-08,9.99374170000623e-07
"PBANKA_112400",276.277895108382,-3.82662916462605,0.436469288858593,-4.18501189259582,2.85151171914801e-05,0.000285703522853135
"PBANKA_112420",242.337245600418,3.49222890822523,0.221570152864645,6.73479206893367,1.6416452828282e-11,3.92666368805959e-10
"PBANKA_112460",168.188095536515,-4.71701361064398,0.380596783704229,-7.13882441201981,9.41324856472181e-13,2.61422970206838e-11
"PBANKA_112470",2125.42489260936,-8.37297158636519,0.597679077030872,-10.662865459545,1.51845616171853e-26,1.79524902776894e-24
"PBANKA_112740",122.671015312714,3.27134325825485,0.365573515747997,3.47766783831033,0.000505796282505474,0.00386873385768512
"PBANKA_112850",2515.7909393112,3.4402721939604,0.367859667547265,3.91527618008121,9.03007810805702e-05,0.00080357985400301
"PBANKA_112880",667.015210143322,-5.15091052964193,0.388702611662785,-8.10622423184403,5.22170403356365e-16,2.05784869437013e-14
"PBANKA_112890",640.666981146419,-4.19089596506978,0.4953043146178,-4.42333309121359,9.71897220826488e-06,0.000105280384810995
"PBANKA_112900",1328.35633916723,-5.53285421196951,0.516201201231987,-6.8439480643165,7.70398614180553e-12,1.93169267461021e-10
"PBANKA_112910",507.968297882648,4.59112405411376,0.316648832416263,8.18295786642125,2.76960020424993e-16,1.11268015972682e-14
"PBANKA_113010",340.390873283975,-5.46790342441845,0.452865775135291,-7.65768493629803,1.89314622664689e-14,6.31761216602004e-13
"PBANKA_113110",340.597377640608,-4.52756766022405,0.339139151294095,-7.45289256807803,9.13156409351578e-14,2.79899349770136e-12
"PBANKA_113130",381.292232500489,-5.73283843229481,0.520654223854568,-7.16951531605646,7.52637489170615e-13,2.14787167599173e-11
"PBANKA_113140",549.983114389198,-3.9217463432566,0.345540043269785,-5.56157348674107,2.67353054386268e-08,4.30469626089641e-07
"PBANKA_113210",168.951529274627,-3.43211840326775,0.345821895052626,-4.14120223084722,3.45490177766874e-05,0.000336385495435136
"PBANKA_113220",187.059528776472,-3.15957842317632,0.357832329775954,-3.24056360112112,0.00119293656902482,0.00840768621060334
"PBANKA_113320",392.563028012265,-4.94356845315222,0.386305427192837,-7.61979575213901,2.54077425703869e-14,8.41097910050087e-13
"PBANKA_113430",336.228360164174,3.31739000684967,0.255150308480817,5.16319190320991,2.4277402114923e-07,3.3264864222368e-06
"PBANKA_113590",337.193005700549,4.39446411488613,0.398273809118424,6.01210539097777,1.83129197139784e-09,3.49211344591902e-08
"PBANKA_113740",343.987180355115,-3.72008039713619,0.498159969107741,-3.45286756022777,0.000554661251554802,0.00421909606421649
"PBANKA_113810",1672.54145562276,-7.57554647424583,0.497228809739562,-11.2132409969692,3.5109734554355e-29,5.38089191058967e-27
"PBANKA_113820",542.939738232085,-4.00531413027239,0.351495111896495,-5.70509820023586,1.1627603330875e-08,1.99647396610625e-07
"PBANKA_114090",165.752838363556,-3.34725974769659,0.337381437131929,-3.9932835639969,6.51645604856138e-05,0.00059263945338345
"PBANKA_114190",488.531636721563,-6.38325859881247,0.493251719546858,-8.88645376206552,6.30902916920529e-19,3.07138384731429e-17
"PBANKA_114340",393.191513257901,-3.97390828992725,0.411054156484208,-4.8020638127353,1.57038627745018e-06,1.92826659231123e-05
"PBANKA_114370",3353.70787448307,-7.51089620515393,0.558038847792165,-9.87547054646346,5.31827618887778e-23,4.00127761265023e-21
"PBANKA_114380",1340.42228333911,-6.55316017411938,0.38145776734325,-11.9362104115245,7.66359182477057e-33,1.86540841005298e-30
"PBANKA_114560",572.081886224823,3.48796244511975,0.289327873235346,5.14282439669893,2.70638568046376e-07,3.68388945584178e-06
"PBANKA_120070",401.018078307537,-5.69741638285438,0.460010909030278,-8.03767108621117,9.15620077353202e-16,3.47599622026381e-14
"PBANKA_120170",136.51037276887,-3.3770525044696,0.358589560731927,-3.8401912806911,0.00012293848392829,0.00106204477347654
"PBANKA_120200",7117.10669231779,-5.42491827411405,0.668343218585182,-5.12449020035584,2.98343865155981e-07,4.03446703926618e-06
"PBANKA_120420",2298.20464743593,-4.00679747896267,0.523074278368526,-3.83654398993178,0.000124777853926385,0.00107345272255173
"PBANKA_120450",260.767905128576,-4.68794129477754,0.438914761793809,-6.12406218417476,9.12192687462916e-10,1.80605423001031e-08
"PBANKA_120460",210.912165758445,-3.58745758728671,0.431722820977471,-3.67702958970879,0.000235965678073698,0.00192588949875535
"PBANKA_120510",691.889812147485,-3.64911926087977,0.432640671055439,-3.81175273433423,0.00013798487293807,0.0011676511333696
"PBANKA_120520",413.429573078369,-3.26570742113303,0.392732592804188,-3.22282246068662,0.00126934202526264,0.00887252922387974
"PBANKA_120530",258.463733396041,-3.05937975267321,0.307210131378043,-3.44838807210292,0.000563943145959984,0.0042753382801937
"PBANKA_120620",687.925990203111,3.46182862001532,0.333675805939053,4.38098475824865,1.18144136377248e-05,0.000125353958033091
"PBANKA_120860",376.006910358739,3.27051842049846,0.374406709762196,3.39341787252003,0.000690262530706093,0.00510967147059358
"PBANKA_120890",284.288408020003,-4.30575783370949,0.494181640161693,-4.66581039505041,3.07403065836136e-06,3.56662423096951e-05
"PBANKA_120940",1016.27628401707,-6.08464173425831,0.438093838310948,-9.32366853185262,1.12385746557548e-20,6.28448944939369e-19
"PBANKA_120970",215.269327598474,-3.22571125045043,0.382785085700405,-3.20208727100135,0.0013643565704339,0.00944098242216635
"PBANKA_120990",2777.76619701784,-8.48414330217971,0.479803973987632,-13.5141508901859,1.29035901768414e-41,5.93278401686331e-39
"PBANKA_121000",313.031653486995,-3.88285514955177,0.391617503564741,-4.80789324382306,1.52529176503175e-06,1.88971776158723e-05
"PBANKA_121090",334.713517522023,-2.98765038400392,0.295474140186341,-3.34259500131231,0.000829989391496894,0.00602543175791956
"PBANKA_121310",328.377057746552,-3.24524457970447,0.374889973628691,-3.32162678999205,0.000894943112340653,0.00644047756324456
"PBANKA_121370",653.403569584684,-5.47623572157598,0.348758336380197,-9.96746273553267,2.11564381906918e-23,1.65179889119024e-21
"PBANKA_121550",577.038061262647,-4.21726697368411,0.375618635852226,-5.90297381985172,3.57006945397332e-09,6.59506580381321e-08
"PBANKA_121600",255.864807429832,-3.30822671278757,0.334244937175617,-3.91397615126841,9.07886065188653e-05,0.000806187239860654
"PBANKA_121740",417.727561330553,3.44111748034755,0.343733351143198,4.19254481869344,2.75842563188609e-05,0.00027839915279865
"PBANKA_121840",276.01018282932,-3.42258426431409,0.330301197357023,-4.30693038867922,1.65535675514448e-05,0.000172107192281102
"PBANKA_121850",555.206910883204,-3.70827373753574,0.300045692517387,-5.69337864244376,1.24549753202694e-08,2.12093365741871e-07
"PBANKA_121880",599.461881477079,3.85833188545122,0.352121592174513,5.27752891827839,1.30937546343001e-07,1.86834333368048e-06
"PBANKA_121980",309.929497617955,4.11576552925519,0.295178698291429,7.16774462893763,7.62433509151222e-13,2.16092456223819e-11
"PBANKA_122040",108.049474057955,-3.33581523952539,0.367507571352767,-3.63479651482651,0.000278200127404017,0.00223967339921756
"PBANKA_122050",754.874053844644,3.58441710576502,0.289848446899654,5.46636396610934,4.5936065030648e-08,7.15514567406495e-07
"PBANKA_122150",1196.14283181951,-6.35878961342784,0.400191984086808,-10.89174642859,1.26196728539532e-27,1.74067354232195e-25
"PBANKA_122250",1418.01847682183,-4.24983614111798,0.501499880671193,-4.48621470877891,7.24996831694194e-06,8.00009837213486e-05
"PBANKA_122280",762.893066690901,-3.66960686097118,0.287514570515577,-5.80703391128043,6.35892610335167e-09,1.14405374850736e-07
"PBANKA_122320",198.527043368776,-3.66672556389094,0.398440267146154,-4.1831253046509,2.87528806984835e-05,0.000286697398386324
"PBANKA_122460",506.046375760077,-3.98433886744368,0.365570082188996,-5.42806691281097,5.69676837601586e-08,8.73082501479765e-07
"PBANKA_122540",5972.72456083225,-7.20257912728723,0.87820032627313,-5.92413709223466,3.13941479510551e-09,5.82551498750969e-08
"PBANKA_122550",722.338798569124,-4.15431953739398,0.583155801560643,-3.69424351370351,0.000220542376063194,0.00181072292093154
"PBANKA_122570",837.330216927264,-5.19135119937771,0.391160152370186,-8.15868175743394,3.3870074718272e-16,1.34763816523278e-14
"PBANKA_122650",525.371418519224,-4.16884176003263,0.443893767860513,-4.88594775837032,1.02932491052293e-06,1.3105681476135e-05
"PBANKA_122680",596.645710157389,-3.34207652425023,0.308535607930166,-4.34982702078912,1.36244962761684e-05,0.000143091790839556
"PBANKA_122840",504.483795166708,3.01308477793244,0.258929253474107,3.91259297410268,9.13103653433398e-05,0.000809084136596874
"PBANKA_122890",8079.59275440884,-10.0444046551659,0.591898733485811,-13.5908462040302,4.53803146270802e-42,2.34729677408572e-39
"PBANKA_123130",1029.67717460429,-4.89819137500439,0.518214337815615,-5.59264992014866,2.23629908951522e-08,3.68677515235617e-07
"PBANKA_123200",391.001424574999,-4.86485996029796,0.490806521371274,-5.83704542534147,5.31346131802624e-09,9.64346619911955e-08
"PBANKA_123220",853.089647571957,3.20731455398575,0.343343409959289,3.51634695458084,0.000437528823506618,0.00339043871099323
"PBANKA_123280",516.789170873431,-4.59376446438084,0.343009209849375,-7.56179248224803,3.9755228577695e-14,1.25577966301146e-12
"PBANKA_123320",692.598966873294,-6.83448414580309,0.3739142380692,-12.9293930361335,3.07234696763193e-38,1.15576106836918e-35
"PBANKA_123360",662.751843685974,-5.41972087132422,0.55310108696757,-6.18281350715322,6.29690889870882e-10,1.2899311397454e-08
"PBANKA_123370",2954.95212245133,-8.65790348252689,0.703949453583512,-9.45792833368119,3.14104445942931e-21,1.93994656315201e-19
"PBANKA_123390",149.688377494657,-3.48839240261552,0.436412357883617,-3.41051845972804,0.000648394947612284,0.00484306551122677
"PBANKA_123400",1571.93657032236,-4.34008543913281,0.375352638433875,-6.23436523290898,4.536136421763e-10,9.43242839862075e-09
"PBANKA_123460",751.321997666369,-3.12485529408216,0.349212510865708,-3.22111968810512,0.00127690809777677,0.00889721058685742
"PBANKA_123510",252.306547322678,-4.23502066635922,0.405293875430884,-5.51456807479037,3.49637556809288e-08,5.56461619260321e-07
"PBANKA_123610",188.462941706447,-3.37956731611117,0.352957965466564,-3.90858813538197,9.28370790858105e-05,0.000820854344566419
"PBANKA_123710",2507.13882367924,4.06181655103873,0.488877199214899,4.21745287845262,2.47077430464967e-05,0.000251168554973971
"PBANKA_123900",1315.61578744812,-5.31558425246124,0.448988116282914,-7.38457017506459,1.5294667145903e-13,4.55318939926235e-12
"PBANKA_123950",248.882532947965,-3.50102482464976,0.31188263392232,-4.81278744434234,1.48839569194043e-06,1.85511487146069e-05
"PBANKA_124030",162.180882486201,3.17605767256074,0.31416383723374,3.74345336152022,0.000181508305259715,0.00150819551639498
"PBANKA_124210",285.793045975953,-3.37272359550015,0.374061629064118,-3.66977922577793,0.000242760038950777,0.00197355803767842
"PBANKA_124260",336.246108744041,-3.7407183075683,0.335579753340655,-5.18719705297969,2.13482807446508e-07,2.9446395240455e-06
"PBANKA_124310",237.388398332505,-3.39331768963032,0.391412242591926,-3.55971923720064,0.000371251491314806,0.00292060583851838
"PBANKA_124320",1037.92959006172,-5.53524273076854,0.496561776443411,-7.11944192742638,1.08364932987854e-12,2.98942728469159e-11
"PBANKA_124330",120.001923712792,-3.93019740767909,0.365558172177474,-5.28013748449866,1.29086987690205e-07,1.84831126319055e-06
"PBANKA_124350",420.273500968973,-4.87858054654977,0.437576727811546,-6.57845896180636,4.7534902655881e-11,1.0690186260328e-09
"PBANKA_124470",249.571059210382,3.04421938894392,0.293257599312152,3.56075815731008,0.000369785551603395,0.00291461450006638
"PBANKA_124520",667.977662972881,-4.867787884406,0.466040855776052,-6.15351175516694,7.5785756674356e-10,1.5372620643063e-08
"PBANKA_130110",159.639382203068,3.49216506564529,0.346578803168604,4.30541352212871,1.66674092824863e-05,0.000172856490252954
"PBANKA_130120",36.7845189929281,3.59666753283712,0.415741583527768,3.8405288191011,0.000122769557945654,0.00106204477347654
"PBANKA_130150",169.862988695886,3.96022003052258,0.37099912789783,5.28362436221792,1.26652816105461e-07,1.83248025539999e-06
"PBANKA_130170",305.769202471952,2.80802740778059,0.253580049271811,3.18647862913879,0.00144016127025182,0.00993231222717002
"PBANKA_130200",445.297367992379,4.72270196962785,0.424404466445044,6.41534711553375,1.40502353883837e-10,3.05999337037535e-09
"PBANKA_130230",387.443671118294,4.12430194504803,0.427508338698446,4.96903043228465,6.72885099246928e-07,8.81138778697401e-06
"PBANKA_130570",387.190646838607,-4.05970323205151,0.346567114302989,-5.9431583293584,2.7958215121392e-09,5.234891139019e-08
"PBANKA_130680",672.208681785073,3.22305392548765,0.283580736892207,4.31289494093017,1.61130696600688e-05,0.000167949325575226
"PBANKA_130800",1006.58007893845,4.5912207969057,0.418162155555847,6.19668892193577,5.76633068315628e-10,1.18711822720899e-08
"PBANKA_130970",1132.43232203613,-4.28157951691494,0.473949681962731,-4.81396992918406,1.47961081838533e-06,1.84973702914758e-05
"PBANKA_131020",479.497249199846,3.34677842249779,0.249843916651732,5.39047914612674,7.0270070263262e-08,1.05737291181592e-06
"PBANKA_131070",1496.9704945142,-3.87409433420417,0.337841498158644,-5.54725912719025,2.90182520696545e-08,4.65416771566785e-07
"PBANKA_131090",333.447082355492,-3.14176685868359,0.337240908003335,-3.3856119811903,0.00071019726362258,0.00523849603720185
"PBANKA_131130",1101.73774696237,-8.21789368389869,0.543641952243949,-11.4374794995743,2.71663418111037e-30,4.49657289657389e-28
"PBANKA_131140",277.441806628021,-4.83609994205378,0.53098781836971,-5.34117703634227,9.23450175145665e-08,1.36814632937421e-06
"PBANKA_131210",436.575062699577,3.07598567834904,0.323407008859125,3.32703265196623,0.00087776087678349,0.00634995543379385
"PBANKA_131230",773.344617705557,-6.11009985321237,0.369198164289305,-11.1325034920588,8.71528176316534e-29,1.24358054951649e-26
"PBANKA_131270",8202.96198669272,-8.14609287383327,0.687536670434596,-8.9392946414746,3.91662271801775e-19,1.95264877194668e-17
"PBANKA_131530",1125.63552647924,-4.59450801015589,0.611714129529926,-4.24137335547513,2.22156231176047e-05,0.00022754516945705
"PBANKA_131570",853.065446733089,4.57562403591566,0.591295503401406,4.35589991992071,1.32521319687469e-05,0.000139535170704007
"PBANKA_131670",164.616827825329,3.98779691746144,0.353344650819799,5.62566013904421,1.84799874111689e-08,3.09595902459177e-07
"PBANKA_131710",276.167486260153,2.93550679006489,0.274260032314685,3.41102122015173,0.000647200543905612,0.00484288580593385
"PBANKA_131720",1100.94442316348,-4.27358739501183,0.544065107598111,-4.17888845151099,2.92937312980389e-05,0.00029114573138671
"PBANKA_131820",540.156199932384,-4.55878762572082,0.375346768688015,-6.81712975621129,9.28773725855872e-12,2.28765814142357e-10
"PBANKA_131850",323.785320322574,-4.65191534425277,0.602027023098389,-4.40497725601159,1.05794977225652e-05,0.000113708991106428
"PBANKA_131860",3313.08738299683,-7.45123813191907,0.629391687676349,-8.66112190334845,4.67143647128482e-18,2.03477938086069e-16
"PBANKA_131930",250.418891004919,3.99460041462276,0.430655376418116,4.63154653080712,3.6294440506145e-06,4.13736624833135e-05
"PBANKA_131950",1891.17633020289,-4.57839181034626,0.64962739151819,-3.96903185427652,7.21652353997092e-05,0.000652008174855888
"PBANKA_132080",1387.28804357798,-4.61844923958925,0.456968778748691,-5.7300396905874,1.00407137923792e-08,1.73842986078933e-07
"PBANKA_132110",450.963814748449,3.63991510724478,0.229543756293629,7.14423748101004,9.04968287882021e-13,2.53024241571338e-11
"PBANKA_132160",560.769658376876,3.80955872748908,0.289022956690325,6.26095154589377,3.82635414218648e-10,7.99669365675135e-09
"PBANKA_132520",162.74027568144,-4.14180433639503,0.563532278502841,-3.80067729586891,0.000144301127464486,0.00121612640620783
"PBANKA_132590",87.3479339471906,-3.37223587462957,0.319081220418352,-4.30058488816863,1.70347900212206e-05,0.000176224902769528
"PBANKA_132710",71.373698272687,4.26297253829921,0.564312126096309,4.01014338280052,6.06818872088325e-05,0.00055553462227909
"PBANKA_132780",257.430136381396,-3.51696858233433,0.381118614155964,-3.98030567384869,6.88267087550308e-05,0.000623205516035705
"PBANKA_132810",467.063308598888,-3.7507436862809,0.32781020817812,-5.34072351197072,9.25763586816769e-08,1.36814632937421e-06
"PBANKA_132910",712.984960103967,-4.35857680612152,0.58072645012277,-4.0614247992715,4.87741296753276e-05,0.000457658386840148
"PBANKA_132940",410.751524656194,-4.23867949842845,0.552206088648381,-4.05406522030207,5.03351728068352e-05,0.000471237432295665
"PBANKA_132990",460.108689561261,-5.27473235993092,0.430502294093108,-7.60677098557498,2.81028638451888e-14,9.22933734852311e-13
"PBANKA_133010",701.412386011322,-4.92288468211538,0.477546622037778,-6.12062686077205,9.32079409376935e-10,1.83664028381036e-08
"PBANKA_133070",475.687020529265,-4.44632717830233,0.276574100201908,-8.84510580172341,9.14416291321334e-19,4.26763850642133e-17
"PBANKA_133270",658.148770867979,4.53820615840855,0.59866649256422,4.23976653100602,2.23752380372869e-05,0.000228614160489613
"PBANKA_133370",879.109367923652,-3.84679735218519,0.49601860560532,-3.72324209478279,0.000196680761606168,0.00162448102101062
"PBANKA_133400",290.503808824375,4.05986957528908,0.26257688971929,7.8448243388487,4.33559945798939e-15,1.49505921309667e-13
"PBANKA_133470",452.381717913149,-4.31580219482015,0.558348301308874,-4.14759423354825,3.35987193954746e-05,0.000328679671060222
"PBANKA_133650",133.06670164027,3.27395474736772,0.345018650770982,3.69242284299973,0.000222127742610713,0.00181686153561289
"PBANKA_133660",1591.61237056212,-5.09723841712067,0.571311403444253,-5.42127883050892,5.91741767484255e-08,9.03552558616181e-07
"PBANKA_133680",519.139529731388,-7.04122888474537,0.56656151683775,-8.89793735529881,5.68941141224493e-19,2.80271243141304e-17
"PBANKA_133810",731.88225907002,-5.24531406635856,0.482103603797868,-6.73156981361049,1.67842264811364e-11,3.99155914821508e-10
"PBANKA_133820",354.814217004587,-4.86269027608523,0.542150121399619,-5.28025386897431,1.29005015078826e-07,1.84831126319055e-06
"PBANKA_133970",236.607117075868,3.46270479812588,0.327348544810023,4.46834061527527,7.88287150426979e-06,8.67535167145436e-05
"PBANKA_134020",165.379863608536,-6.24573012635895,0.467642142499477,-9.07901521378326,1.09561624092697e-19,5.81238462173821e-18
"PBANKA_134050",666.501299255348,4.58760567101371,0.289115064901853,8.95008937667132,3.55194647675411e-19,1.81456228651957e-17
"PBANKA_134100",523.449680963294,3.20806325326604,0.377270198884075,3.20211682989901,0.00136421657357869,0.00944098242216635
"PBANKA_134180",894.38288174827,3.30105895505711,0.271629403221006,4.78983106993956,1.6692178031414e-06,2.03153625570562e-05
"PBANKA_134200",1436.73771319327,-6.2761672724872,0.369220889697842,-11.5815962525486,5.10858355138737e-31,9.60878124347316e-29
"PBANKA_134230.2",119.69476230801,-4.31163065516343,0.478403158992689,-4.83197197115239,1.35187290978519e-06,1.69516669717912e-05
"PBANKA_134270",283.321206442945,3.79454780715433,0.392939265033778,4.5669851980816,4.94788935249742e-06,5.54860871019901e-05
"PBANKA_134370",248.436503096558,-3.31899960322342,0.404999559357245,-3.25679268717413,0.00112678695896335,0.00799767484766784
"PBANKA_134380",595.223055634533,-5.75853227105216,0.368950389428851,-10.1870939257457,2.26431815102974e-24,2.23089250213358e-22
"PBANKA_134450",2694.02961191755,4.70238856583589,0.715261384841266,3.77818322519342,0.000157976634999572,0.00132329416119074
"PBANKA_134500",554.234879888354,-5.1477761403184,0.355894726010921,-8.84468330171828,9.17882617379164e-19,4.26763850642133e-17
"PBANKA_134540",695.221403431555,-3.58799322822125,0.402723588630811,-3.943134380631,8.04235613219716e-05,0.000721893051519129
"PBANKA_134620",170.749489572822,-3.47523211727942,0.33744370279272,-4.37178736799723,1.23233512680827e-05,0.000130419507793673
"PBANKA_134630",599.593445489461,-3.69885209575535,0.453175175398358,-3.74877572290229,0.000177699904694896,0.00147952154049795
"PBANKA_134670",2165.66289140071,-4.228004927641,0.416929779784895,-5.34383734544095,9.09992316836633e-08,1.35451374355036e-06
"PBANKA_134720",1149.67814541343,-5.22593357281539,0.31205401456921,-10.337740974968,4.75616905067151e-25,5.04641731581505e-23
"PBANKA_134730",161.827938613988,-3.7992709328884,0.312842868443772,-5.75135671731572,8.85300940099869e-09,1.55888310218436e-07
"PBANKA_134750",232.497128457614,-3.34956244732073,0.322307630222999,-4.18718739729182,2.82432624114387e-05,0.000283666553054692
"PBANKA_134760",258.689030574785,-3.31676412505014,0.325326827793101,-4.04751164846315,5.17650066601601e-05,0.000481356399010658
"PBANKA_134780",617.80099510914,-4.96083719619401,0.370646933493545,-7.98829540632249,1.36817291733911e-15,5.05491029638326e-14
"PBANKA_134850",335.378159111779,-4.52606477020121,0.332848608629994,-7.58923037292691,3.21811166296258e-14,1.03229039235187e-12
"PBANKA_134910",573.186133676467,4.59660487928037,0.789140072478687,3.29042329725374,0.00100036770723014,0.00716180202857843
"PBANKA_135170",807.967494405554,-3.19607969964994,0.313104769904476,-3.82006221117247,0.000133418018450998,0.00113597481553545
"PBANKA_135250",1580.10870222204,-5.12861224146597,0.473885810590772,-6.60203823694504,4.05542872567544e-11,9.37506372449439e-10
"PBANKA_135280",425.694550049302,-3.36426503214884,0.391236412404162,-3.48706048029983,0.000488360904272713,0.00374923454894339
"PBANKA_135320",91.7849780819919,-3.03170701209621,0.310265334050652,-3.32524100783937,0.000883421340805697,0.00637975132330536
"PBANKA_135340",2950.3161329204,-7.35338324954756,0.45865550386085,-11.6719045219868,1.77406590123143e-31,3.86372878910299e-29
"PBANKA_135350",440.687767564374,-5.80710348104877,0.404818488730215,-9.40447036643616,5.22928999882895e-21,3.13605826306583e-19
"PBANKA_135460",458.471718065234,-5.9439094597785,0.622110116270497,-6.33956811926149,2.30410125543324e-10,4.91462422421791e-09
"PBANKA_135490",1560.89669549875,-6.23713365283441,0.477472778884372,-8.87408422053838,7.05111890599944e-19,3.35373908425583e-17
"PBANKA_135590",925.451024229125,-4.90395281177978,0.413686932339511,-7.01968707437083,2.22365702462253e-12,5.93644694702454e-11
"PBANKA_135680",1771.00756186768,4.42667663060361,0.463959875226147,5.2303588309674,1.69181327570705e-07,2.38932537026476e-06
"PBANKA_135700",128.017267275001,3.81398585371992,0.387035929305697,4.68686681614813,2.77419369874657e-06,3.2520151630066e-05
"PBANKA_136020",161.803639417252,-3.57008626873506,0.380003668904415,-4.13176607810593,3.5998666785643e-05,0.000348043184950913
"PBANKA_136040",397.82088197782,-3.81158645241917,0.465083720921976,-3.89518353561786,9.81244006554702e-05,0.000860251631170203
"PBANKA_136050",332.197113992739,3.04360149635401,0.320266914282351,3.25853670739761,0.0011198838738743,0.00797604039602732
"PBANKA_136100",544.191297648208,-3.51960170601415,0.365533110599336,-4.15722040480157,3.2214316497352e-05,0.000315883511056973
"PBANKA_136200",1095.16560149341,-4.29020327185167,0.32286532197888,-7.09337025672109,1.30884661406465e-12,3.56316269013126e-11
"PBANKA_136250",627.510351360855,-5.59058003066153,0.42822117440282,-8.38487269030732,5.07806845358194e-17,2.14418849601246e-15
"PBANKA_136270",578.197807780164,-6.18390942819503,0.388639526884911,-10.7655272785314,5.00740855224361e-27,6.47520518412002e-25
"PBANKA_136300",234.379038130607,-3.39104355739922,0.328627277629642,-4.23289133949162,2.30705987049856e-05,0.000235138269559681
"PBANKA_136370",461.804435791258,-3.60429177334774,0.401900888527544,-3.99175970778624,6.55848106851938e-05,0.000595153391700289
"PBANKA_136400",813.713953863246,-2.98959901510472,0.310798780633448,-3.18405050717312,0.0014522966980698,0.0099993406599215
"PBANKA_136440",2020.6097711517,-3.99262204935151,0.594990258176975,-3.34899945329663,0.000811039557398467,0.00590470900827785
"PBANKA_136510",280.785700125536,2.93700705158606,0.244125972087947,3.83821124631712,0.000123933841940836,0.00106841299573162
"PBANKA_140090",412.280757659511,-5.00631048504201,0.620343748147569,-4.84620098778985,1.25848026133423e-06,1.58768028091495e-05
"PBANKA_140100",518.139274360903,3.87449527889623,0.32113534048,5.83708811398468,5.31210064712355e-09,9.64346619911955e-08
"PBANKA_140230",1020.7966983939,4.43163908446064,0.348685954123968,6.97372250215769,3.0866263639944e-12,8.08383537608153e-11
"PBANKA_140440",305.187364233648,-3.96954100640829,0.329838353590053,-5.97123101352907,2.354700392222e-09,4.44920101507518e-08
"PBANKA_140920",15232.2942647168,-6.71645825658312,0.615353013304254,-7.66463827203382,1.79335910677504e-14,6.03326827954074e-13
"PBANKA_140950",167.349450429005,-3.30913294188445,0.335488267302593,-3.9021720562993,9.5333351841824e-05,0.000837557133591226
"PBANKA_141140",143.499262414404,-3.6613126214089,0.33511676757033,-4.95741419760574,7.1437573946044e-07,9.29587047134372e-06
"PBANKA_141190",181.036725606432,3.39298290399515,0.401604282527199,3.46854594086856,0.000523283048779553,0.00398774448591121
"PBANKA_141220",461.576482788451,3.98298970236538,0.284521011473858,6.96957209625126,3.17906426110208e-12,8.27356472480528e-11
"PBANKA_141250",57.5044425259856,3.49101430845771,0.444255584152001,3.3562083666405,0.00079019010184192,0.00578726839189711
"PBANKA_141260",330.376888861325,4.38014923021154,0.254051005773926,9.36878491372548,7.33723109322815e-21,4.21686975885807e-19
"PBANKA_141400",302.993505459187,-3.26876339460776,0.33203169504229,-3.82121169018566,0.00013279759923327,0.0011330236404686
"PBANKA_141450",657.786409304243,-3.66558191570458,0.47731466061397,-3.48948409328584,0.000483953859776661,0.00372230682482495
"PBANKA_141740",574.437001588077,-5.43059401832041,0.456472392769676,-7.51544687621754,5.67168639577554e-14,1.76461942148265e-12
"PBANKA_141770",64.188153860292,3.86220306023802,0.461071380223265,4.03886066260779,5.37114580712975e-05,0.000498336353136836
"PBANKA_141920",209.93165166854,-3.22185280664617,0.289886337941525,-4.21493753490598,2.49847332144514e-05,0.000252779525773594
"PBANKA_141930",877.954974608129,-4.37931194631473,0.571843358135121,-4.16077569576758,3.17168479643572e-05,0.000312486468753595
"PBANKA_141960",322.070347232758,3.11505563664713,0.328647893803066,3.39285800296442,0.000691674831400233,0.00511098295059672
"PBANKA_141980",327.112598623951,4.3371393080507,0.465200875428616,5.02393574796557,5.06231792970096e-07,6.69261073262062e-06
"PBANKA_142170",397.20332719314,-4.24785503716626,0.696854834574515,-3.22571492029434,0.00125658451519663,0.00881313004048079
"PBANKA_142290",5373.43588610285,-8.45185969134247,0.645496360198528,-9.99519143587138,1.59977828199565e-23,1.35099643487714e-21
"PBANKA_142370",469.676182477657,-5.28302262872718,0.433690719637107,-7.56996283313202,3.73331025376589e-14,1.18834137154487e-12
"PBANKA_142430",5776.43155173553,-4.12010417936101,0.530306378923501,-3.99788549340993,6.39108532865291e-05,0.000582517865417748
"PBANKA_142500",703.79138827431,3.85906997587097,0.545367187506093,3.40884090290121,0.00065239515366479,0.00486416422678361
"PBANKA_142540",404.141102648118,3.13624929429659,0.325455630684512,3.49125713974217,0.000480753314802709,0.0037045758224462
"PBANKA_142580",137.501680142218,4.04360483650445,0.382994772023581,5.33585569773425,9.50950096177797e-08,1.400367081133e-06
"PBANKA_142590",457.754209619087,4.83894404337522,0.414077845935595,6.8560635910398,7.07838781017778e-12,1.78599809503144e-10
"PBANKA_142600",156.678221059216,3.65495962515462,0.360922708364186,4.58535743748409,4.53210427970609e-06,5.11004019330349e-05
"PBANKA_142780",611.682725717575,3.66772477086395,0.303826709191076,5.48906570888446,4.04065299514365e-08,6.33341745981228e-07
"PBANKA_142830",214.569603535907,3.45544177038033,0.352839831496807,4.12493613378651,3.70837646746076e-05,0.000355069232361179
"PBANKA_142920",1039.93457055645,-4.90933049991486,0.554914768617783,-5.24284208034615,1.58121866298656e-07,2.24078179021862e-06
"PBANKA_142950",335.500822822514,-3.58862782286458,0.30085825886749,-5.28031980522853,1.28958596810335e-07,1.84831126319055e-06
"PBANKA_143030",450.540985184541,-4.79298081095997,0.485753237456336,-5.74979350747205,8.93525106107679e-09,1.56669783435321e-07
"PBANKA_143060",251.039116321804,-4.54307749549889,0.292084926044414,-8.70663724396442,3.13022883104828e-18,1.39278353794385e-16
"PBANKA_143140",182.597548819773,4.04929359762743,0.574534327630731,3.5668775546943,0.000361260177097034,0.00285285231455635
"PBANKA_143220",961.489753867171,-5.22485980967448,0.434237187079404,-7.42649387392238,1.11514058919094e-13,3.36821296209642e-12
"PBANKA_143230",19741.4112045241,-12.1091381615463,0.782310626083148,-12.9221537129828,3.3755867506431e-38,1.1640148311801e-35
"PBANKA_143370",728.94270005082,-3.8960527461896,0.424738847437593,-4.46404362969928,8.04271760666714e-06,8.80443530592292e-05
"PBANKA_143380",673.206123096177,3.27294768222473,0.23033947222943,5.52639836283382,3.26871476551318e-08,5.22237131262299e-07
"PBANKA_143520",513.279541468139,-5.35143461733987,0.419658949900572,-7.98609112979459,1.392847383601e-15,5.10053316224862e-14
"PBANKA_143550",434.595625729696,3.72038365131238,0.371961759729817,4.62516268490079,3.74304494923161e-06,4.24348493148505e-05
"PBANKA_143660",1528.08282967812,-5.13156826032084,0.668047762289849,-4.68764126922131,2.76371917197062e-06,3.24894032204956e-05
"PBANKA_143710",537.737080256534,4.26668794318863,0.689834891142159,3.28584125316665,0.0010167829573121,0.0072667493564032
"PBANKA_143770",851.794448750999,-4.11383352896545,0.521635254378302,-4.05232106385288,5.07120068421895e-05,0.000472626766470676
"PBANKA_144200",298.737144193628,4.4594372629297,0.246700508799307,9.96932383682463,2.07637557969031e-23,1.65179889119024e-21
"PBANKA_144210",200.705681460985,3.03613303931701,0.223143866459979,4.64334088924127,3.42820021351014e-06,3.94746442702336e-05
"PBANKA_144240",390.52609779448,5.77462893838413,0.518190086495172,7.28425540502751,3.23451731675632e-13,9.42565680051947e-12
"PBANKA_144260",286.313773180168,-3.16055537524417,0.302549780164962,-3.83591544707581,0.000125097443994992,0.00107396934284497
"PBANKA_144300",939.575995462317,-3.39647499909384,0.417020742374667,-3.34869433866001,0.000811933162327234,0.00590470900827785
"PBANKA_144310",300.368623076962,3.32436925560198,0.29407737650207,4.50347208396242,6.68521529355275e-06,7.39663660019285e-05
"PBANKA_144330",619.001367458539,4.34057386760662,0.41123991530749,5.69150459496748,1.25924766800409e-08,2.13556018450858e-07
"PBANKA_144480",871.175180846927,-4.43353766089756,0.617977099152651,-3.93790913002171,8.21947083260238e-05,0.000733020911752342
"PBANKA_144500",735.079046685539,-6.35798751907405,0.496745305537574,-8.77308244384489,1.7384066072559e-18,7.81905058785319e-17
"PBANKA_144590",1161.39852743023,-3.57033036347891,0.382384226130271,-4.10668185602386,4.0138346902812e-05,0.000380946053862009
"PBANKA_144670",314.025574380865,-3.62252345365271,0.321581463787737,-5.04545079975031,4.52453314725071e-07,6.0008071036293e-06
"PBANKA_144780",257.227085629403,-3.73912203205727,0.373545941897243,-4.65571121780698,3.22864216798512e-06,3.73187745562079e-05
"PBANKA_144950",2272.17256214782,-3.81715432433178,0.373135786138473,-4.8699545630218,1.11623913457895e-06,1.41687041070175e-05
"PBANKA_145080",817.512173381033,-5.44833711980713,0.41954794958019,-8.21917285797158,2.04911515081024e-16,8.39528563767601e-15
"PBANKA_145110",1576.04823440714,-6.15418363917628,0.522328215086987,-7.95320551175748,1.81746479158223e-15,6.48333560997178e-14
"PBANKA_145120",2237.98960848569,-9.02185059195072,0.486028173159614,-14.4474147379204,2.60273123224799e-47,1.7950169731737e-44
"PBANKA_145130",443.060307245078,-4.71534547264658,0.426631280011102,-6.36461881692294,1.9577532126786e-10,4.19750403837516e-09
"PBANKA_145370",832.277802462435,4.15774682269273,0.488457926651243,4.41746710404671,9.98642633369038e-06,0.000107895123156164
"PBANKA_145420",2068.03519164746,4.53193552378083,0.400670383010226,6.31924801818009,2.6283914734464e-10,5.54912444751081e-09
"PBANKA_145460",460.706316071989,3.18163012200441,0.211639242994335,5.58322788007722,2.36095063978563e-08,3.83122107742468e-07
"PBANKA_145670",3229.93783287587,-10.4582898817617,0.659995678367956,-12.8156746460483,1.33968053931507e-37,4.26430620898904e-35
"PBANKA_145680",584.877732758347,-3.57571882991591,0.354387314984332,-4.44631837340333,8.73544572102631e-06,9.51244062989655e-05
"PBANKA_145770",2454.39244750942,-7.70818251617614,0.58053853626228,-9.83256435124447,8.15161792303267e-23,5.91778859044021e-21
"PBANKA_145950",5993.06523294669,-4.81754970389804,0.679838740894317,-4.14443828280747,3.40647681779884e-05,0.000332452855472915
"PBANKA_145980",301.287328129765,-4.22451996308221,0.367198515342275,-6.0580853956032,1.37751266044541e-09,2.67612553470569e-08
"PBANKA_146000",660.175447420948,-4.56336596490779,0.539694311838799,-4.74966274181049,2.03756168890968e-06,2.46533048792639e-05
"PBANKA_146010",143.14503773803,-4.08227380849647,0.396370964625483,-5.25334596711427,1.49360593968117e-07,2.1238973808937e-06
"PBANKA_146100",756.952088791306,-6.05065917451533,0.414115680398071,-9.78146775466605,1.35234968436616e-22,9.32670498984529e-21
"PBANKA_146120",161.053840015418,-3.03850478216728,0.319538472149452,-3.25001485793409,0.0011539897913127,0.00816275172043068
"PBANKA_146130",2658.48273723507,-5.92706886236986,0.430440354880273,-9.12337520830771,7.28203360964235e-20,3.91338377619481e-18
"PBANKA_146230",67.4923820158405,-3.95948648515478,0.431606589400916,-4.53998278356827,5.62588217808842e-06,6.24126017504822e-05
"PBANKA_146380",233.410703064981,3.52397033224755,0.441947959304972,3.44830267944718,0.000564121484046825,0.0042753382801937
