********************************************************************************
STREME - Sensitive, Thorough, Rapid, Enriched Motif Elicitation
********************************************************************************
MEME version 5.5.7 (Release date: Wed Jun 19 13:59:04 2024 -0700)

For further information on how to interpret these results please access https://meme-suite.org/meme.
To get a copy of the MEME Suite software please access https://meme-suite.org.

********************************************************************************


********************************************************************************
REFERENCE
********************************************************************************
If you use this program in your research, please cite:

Timothy L. Bailey,
"STREME: accurate and versatile sequence motif discovery",
Bioinformatics, Mar. 24, 2021.
********************************************************************************


ALPHABET= ACGT

strands: + -

Background letter frequencies
A 0.402 C 0.0976 G 0.0976 T 0.402 

MOTIF 1-AAAATAAAAGAAA STREME-1
letter-probability matrix: alength= 4 w= 13 nsites= 124 E= 1.7e-002
 0.977180 0.000154 0.022031 0.000635
 0.960660 0.000154 0.004680 0.034506
 0.911443 0.000154 0.065848 0.022555
 0.835711 0.004680 0.000154 0.159456
 0.000635 0.022052 0.054889 0.922424
 0.767828 0.000154 0.000154 0.231864
 0.964153 0.000154 0.035058 0.000635
 0.900569 0.032969 0.065827 0.000635
 0.830059 0.022073 0.026557 0.121311
 0.000635 0.114841 0.762284 0.122239
 0.966199 0.000154 0.011092 0.022555
 0.830305 0.048433 0.022031 0.099230
 0.731410 0.131844 0.011092 0.125654

MOTIF 2-AAAAAGGAAAARA STREME-2
letter-probability matrix: alength= 4 w= 13 nsites= 108 E= 1.8e-002
 0.857410 0.000160 0.022946 0.119483
 0.999018 0.000160 0.000160 0.000661
 0.987625 0.000160 0.000160 0.012054
 0.862169 0.011553 0.125616 0.000661
 0.560049 0.102786 0.226099 0.111066
 0.000661 0.000160 0.998517 0.000661
 0.069331 0.034384 0.895623 0.000661
 0.815586 0.000160 0.125528 0.058726
 0.847797 0.000160 0.114135 0.037908
 0.999018 0.000160 0.000160 0.000661
 0.839494 0.034339 0.045732 0.080434
 0.417531 0.148269 0.365181 0.069019
 0.770891 0.057259 0.159796 0.012054

MOTIF 3-AAATAAAAATAATAA STREME-3
letter-probability matrix: alength= 4 w= 15 nsites= 130 E= 2.2e-001
 0.896541 0.000137 0.000137 0.103185
 0.985390 0.009878 0.000137 0.004596
 0.921180 0.009878 0.019618 0.049324
 0.097429 0.009878 0.019618 0.873076
 0.906589 0.019618 0.000137 0.073656
 0.960199 0.000137 0.009878 0.029787
 0.706400 0.058636 0.039137 0.195827
 0.942483 0.009878 0.029358 0.018281
 0.848935 0.036009 0.019656 0.095401
 0.101518 0.027678 0.029358 0.841446
 0.960199 0.009878 0.029358 0.000566
 0.917207 0.019618 0.013908 0.049267
 0.122297 0.058598 0.000137 0.818967
 0.929791 0.000137 0.019618 0.050454
 0.914530 0.019618 0.039156 0.026697

MOTIF 4-AAATAAATAATAA STREME-4
letter-probability matrix: alength= 4 w= 13 nsites= 91 E= 2.4e-001
 0.986176 0.012906 0.000179 0.000739
 0.986176 0.000179 0.012906 0.000739
 0.973449 0.000179 0.025633 0.000739
 0.000739 0.168452 0.000179 0.830630
 0.713098 0.012906 0.000179 0.273817
 0.922541 0.000179 0.076541 0.000739
 0.973449 0.025633 0.000179 0.000739
 0.000739 0.038409 0.216636 0.744216
 0.720958 0.132863 0.145441 0.000739
 0.744166 0.000179 0.254916 0.000739
 0.000739 0.158467 0.000179 0.840615
 0.840914 0.000179 0.158168 0.000739
 0.856084 0.041133 0.102044 0.000739

MOTIF 5-ATACATACATAT STREME-5
letter-probability matrix: alength= 4 w= 12 nsites= 76 E= 2.4e-001
 0.928141 0.000220 0.070730 0.000909
 0.063591 0.111806 0.000220 0.824382
 0.810696 0.062872 0.062841 0.063591
 0.000909 0.997962 0.000220 0.000909
 0.888972 0.000220 0.000220 0.110587
 0.000909 0.253194 0.000220 0.745677
 0.820489 0.000220 0.147040 0.032250
 0.000909 0.997962 0.000220 0.000909
 0.998650 0.000220 0.000220 0.000909
 0.126334 0.000220 0.000220 0.873225
 0.794392 0.000220 0.031561 0.173826
 0.063591 0.125523 0.000220 0.810665

MOTIF 6-AATGGTAA STREME-6
letter-probability matrix: alength= 4 w= 8 nsites= 111 E= 2.9e-001
 0.929163 0.000302 0.069289 0.001245
 0.880669 0.000302 0.117783 0.001245
 0.027900 0.016391 0.000302 0.955407
 0.240665 0.007833 0.703451 0.048051
 0.043350 0.000302 0.955103 0.001245
 0.001245 0.000302 0.000302 0.998151
 0.763004 0.115003 0.000302 0.121692
 0.743323 0.004399 0.203666 0.048612

MOTIF 7-AAAAAAAAAAAAAAA STREME-7
letter-probability matrix: alength= 4 w= 15 nsites= 134 E= 3.1e-001
 0.945675 0.008871 0.008871 0.036584
 0.945675 0.008871 0.008871 0.036584
 0.945675 0.008871 0.008871 0.036584
 0.945675 0.008871 0.008871 0.036584
 0.945675 0.008871 0.008871 0.036584
 0.945675 0.008871 0.008871 0.036584
 0.945675 0.008871 0.008871 0.036584
 0.945675 0.008871 0.008871 0.036584
 0.945675 0.008871 0.008871 0.036584
 0.945675 0.008871 0.008871 0.036584
 0.945675 0.008871 0.008871 0.036584
 0.945675 0.008871 0.008871 0.036584
 0.945675 0.008871 0.008871 0.036584
 0.945675 0.008871 0.008871 0.036584
 0.945675 0.008871 0.008871 0.036584

MOTIF 8-AAATAAATTAAAAAA STREME-8
letter-probability matrix: alength= 4 w= 15 nsites= 90 E= 5.3e-001
 0.943439 0.014023 0.000195 0.042343
 0.886385 0.014023 0.027852 0.071739
 0.846584 0.041681 0.000195 0.111541
 0.065956 0.014023 0.069338 0.850682
 0.957322 0.000195 0.000195 0.042289
 0.998808 0.000195 0.000195 0.000803
 0.887962 0.000195 0.000195 0.111649
 0.000803 0.014023 0.110932 0.874241
 0.125640 0.000195 0.000195 0.873970
 0.937771 0.027852 0.000195 0.034182
 0.910060 0.041681 0.019745 0.028514
 0.585565 0.088996 0.096996 0.228442
 0.791350 0.124653 0.069338 0.014659
 0.915781 0.027906 0.000195 0.056118
 0.971150 0.000195 0.000195 0.028460

MOTIF 9-TATATATATATATATA STREME-9
letter-probability matrix: alength= 4 w= 16 nsites= 114 E= 9.7e-001
 0.000588 0.106807 0.000143 0.892462
 0.903895 0.005209 0.090309 0.000588
 0.058639 0.000143 0.010275 0.930944
 0.887128 0.000143 0.112141 0.000588
 0.000588 0.108358 0.010275 0.880780
 0.966505 0.000143 0.032764 0.000588
 0.000588 0.052918 0.000143 0.946351
 0.703197 0.025502 0.270712 0.000588
 0.000588 0.270712 0.025502 0.703197
 0.946351 0.000143 0.052918 0.000588
 0.000588 0.032764 0.000143 0.966505
 0.880780 0.010275 0.108358 0.000588
 0.000588 0.112141 0.000143 0.887128
 0.930944 0.010275 0.000143 0.058639
 0.000588 0.090309 0.005209 0.903895
 0.892462 0.000143 0.106807 0.000588

MOTIF 10-TATGCATATRTAT STREME-10
letter-probability matrix: alength= 4 w= 13 nsites= 91 E= 1.9e+000
 0.043899 0.000152 0.000152 0.955796
 0.955796 0.000152 0.000152 0.043899
 0.070053 0.054241 0.000152 0.875554
 0.000628 0.000152 0.998592 0.000628
 0.000628 0.955194 0.000152 0.044026
 0.615588 0.075877 0.156077 0.152458
 0.000628 0.184076 0.097554 0.717742
 0.912525 0.010970 0.032606 0.043899
 0.098030 0.000152 0.032606 0.869212
 0.362157 0.108372 0.528843 0.000628
 0.033081 0.199411 0.000152 0.767355
 0.680729 0.065101 0.188615 0.065556
 0.152619 0.108372 0.102072 0.636936

MOTIF 11-CAGACAAAAAAAT STREME-11
letter-probability matrix: alength= 4 w= 13 nsites= 40 E= 5.5e+000
 0.198816 0.774776 0.024978 0.001430
 0.849801 0.024978 0.123791 0.001430
 0.026061 0.000347 0.972162 0.001430
 0.923983 0.049609 0.000347 0.026061
 0.307579 0.666013 0.024978 0.001430
 0.948614 0.000347 0.000347 0.050692
 0.948614 0.024978 0.000347 0.026061
 0.726934 0.271289 0.000347 0.001430
 0.618218 0.148134 0.024978 0.208670
 0.899352 0.024978 0.000347 0.075324
 0.899160 0.000347 0.000347 0.100147
 0.923983 0.049609 0.000347 0.026061
 0.184135 0.049609 0.024978 0.741278

********************************************************************************
Stopped because 3 consecutive motifs exceeded the p-value threshold (0.05).
********************************************************************************
COMMAND:	streme --verbosity 1 --oc streme_out/Cluster3.Sub4 --dna --totallength 4000000 --time 14400 --minw 8 --maxw 15 --thresh 0.05 --align center --p UTR_1000/Cluster3.Sub4.fasta ‑‑with‑db=/mnt/sdb3/adaobi/motifDB/motif_databases
********************************************************************************
CPU:		Nitro-AN515-51
********************************************************************************
FINALTIME:	38.19 seconds
********************************************************************************
